# Topology: 2x8
# Cardinality (q): 1
# Tmin: 0.300000011921
# Tmax: 9.0
# Number of iterations: 100.0

#####################################
Repetição do experimento: 0

----------Partition----------
Cluster (0,0)
Prototypes: [I_103]
Number of elements: 16
Elements: I_106, I_108, I_123, I_119, I_126, I_131, I_103, I_118, I_136, I_125, I_132, I_144, I_105, I_110, I_101, I_109

Cluster (0,1)
Prototypes: [I_113]
Number of elements: 16
Elements: I_130, I_138, I_117, I_104, I_135, I_140, I_113, I_137, I_141, I_145, I_149, I_116, I_121, I_133, I_112, I_129

Cluster (0,2)
Prototypes: [I_24]
Number of elements: 0
Elements

Cluster (0,3)
Prototypes: [I_27]
Number of elements: 2
Elements: I_27, I_41

Cluster (0,4)
Prototypes: [I_89]
Number of elements: 6
Elements: I_91, I_95, I_65, I_97, I_89, I_96

Cluster (0,5)
Prototypes: [I_45]
Number of elements: 1
Elements: I_45

Cluster (0,6)
Prototypes: [I_53]
Number of elements: 0
Elements

Cluster (0,7)
Prototypes: [I_47]
Number of elements: 12
Elements: I_24, I_44, I_32, I_6, I_22, I_16, I_19, I_21, I_12, I_26, I_30, I_31

Cluster (1,0)
Prototypes: [I_92]
Number of elements: 22
Elements: I_55, I_74, I_56, I_64, I_69, I_75, I_79, I_88, I_98, I_59, I_67, I_85, I_92, I_76, I_86, I_87, I_52, I_57, I_66, I_107, I_51, I_77

Cluster (1,1)
Prototypes: [I_147]
Number of elements: 20
Elements: I_53, I_78, I_111, I_150, I_134, I_84, I_102, I_143, I_128, I_142, I_114, I_115, I_120, I_122, I_124, I_147, I_73, I_71, I_127, I_139

Cluster (1,2)
Prototypes: [I_111]
Number of elements: 2
Elements: I_146, I_148

Cluster (1,3)
Prototypes: [I_20]
Number of elements: 0
Elements

Cluster (1,4)
Prototypes: [I_93]
Number of elements: 12
Elements: I_60, I_81, I_54, I_90, I_70, I_83, I_63, I_68, I_93, I_100, I_72, I_62

Cluster (1,5)
Prototypes: [I_94]
Number of elements: 6
Elements: I_58, I_94, I_99, I_61, I_80, I_82

Cluster (1,6)
Prototypes: [I_61]
Number of elements: 0
Elements

Cluster (1,7)
Prototypes: [I_50]
Number of elements: 35
Elements: I_42, I_34, I_33, I_15, I_17, I_20, I_47, I_11, I_49, I_5, I_9, I_38, I_2, I_4, I_7, I_13, I_23, I_25, I_39, I_46, I_1, I_8, I_10, I_18, I_28, I_35, I_48, I_3, I_29, I_36, I_40, I_43, I_50, I_37, I_14


Critério de adequação (energia): 1.27245457601
=====================================
	Confusion Matrix
Classes			 Clusters
---------------------------------------
	0,0	0,1	0,3	0,4	0,5	0,7	1,0	1,1	1,2	1,4	1,5	1,7	Total

1	0	 0	 2	 0	 1	 12	 0	 0	 0	 0	 0	 35	 50
3	16	 16	 0	 0	 0	 0	 1	 15	 2	 0	 0	 0	 50
2	0	 0	 0	 6	 0	 0	 21	 5	 0	 12	 6	 0	 50
Total	[16 16  2  6  1 12 22 20  2 12  6 35]

Matriz de pesos:
Cluster (0,0): 0.0940899781444 0.0435725340255 0.481305365666 0.381032122164
Cluster (0,1): 0.0308860665189 0.0246450245257 0.901778905619 0.0426900033366
Cluster (0,2): 0.137858401102 0.672582832807 0.0908240392723 0.0987347268192
Cluster (0,3): 0.491082863199 0.161430249367 0.134614124548 0.212872762885
Cluster (0,4): 0.397606550082 0.0139435650547 0.154842378815 0.433607506048
Cluster (0,5): 0.648617782392 0.0222144449359 0.150595881958 0.178571890714
Cluster (0,6): 0.182288953134 0.293583353191 0.20053198656 0.323595707114
Cluster (0,7): 0.016100986387 0.00421127846033 0.946648519242 0.0330392159102
Cluster (1,0): 0.0194282803308 0.0150219484042 0.736084271763 0.229465499502
Cluster (1,1): 0.022311962302 0.00547603496629 0.928663357637 0.0435486450949
Cluster (1,2): 0.0228786939971 0.00760620988401 0.915782504336 0.0537325917828
Cluster (1,3): 0.559868381055 0.0435989898921 0.170943502826 0.225589126226
Cluster (1,4): 0.0327137986989 0.0129879811283 0.869501202223 0.0847970179497
Cluster (1,5): 0.0176338204497 0.0151447461687 0.174320915746 0.792900517635
Cluster (1,6): 0.748090315385 0.0137291380615 0.104076474477 0.134104072077
Cluster (1,7): 0.0204728065216 0.00472427287343 0.449314152952 0.525488767653

Corrected Rand index: 0.519725203934
F-measure(P,Q): 0.630570409982
OERC: 0.04

#####################################
Repetição do experimento: 1

----------Partition----------
Cluster (0,0)
Prototypes: [I_105]
Number of elements: 18
Elements: I_101, I_103, I_105, I_110, I_121, I_125, I_126, I_129, I_133, I_136, I_137, I_141, I_144, I_145, I_109, I_130, I_104, I_135

Cluster (0,1)
Prototypes: [I_106]
Number of elements: 6
Elements: I_118, I_119, I_106, I_123, I_132, I_108

Cluster (0,2)
Prototypes: [I_73]
Number of elements: 7
Elements: I_53, I_134, I_73, I_120, I_77, I_84, I_87

Cluster (0,3)
Prototypes: [I_95]
Number of elements: 17
Elements: I_56, I_72, I_74, I_100, I_97, I_60, I_95, I_98, I_75, I_65, I_89, I_59, I_90, I_91, I_96, I_54, I_88

Cluster (0,4)
Prototypes: [I_131]
Number of elements: 1
Elements: I_131

Cluster (0,5)
Prototypes: [I_134]
Number of elements: 0
Elements

Cluster (0,6)
Prototypes: [I_70]
Number of elements: 0
Elements

Cluster (0,7)
Prototypes: [I_8]
Number of elements: 0
Elements

Cluster (1,0)
Prototypes: [I_116]
Number of elements: 12
Elements: I_115, I_112, I_111, I_148, I_117, I_138, I_116, I_142, I_146, I_140, I_149, I_113

Cluster (1,1)
Prototypes: [I_128]
Number of elements: 12
Elements: I_71, I_127, I_139, I_128, I_122, I_124, I_78, I_147, I_114, I_150, I_102, I_143

Cluster (1,2)
Prototypes: [I_79]
Number of elements: 15
Elements: I_62, I_64, I_69, I_76, I_79, I_92, I_107, I_52, I_55, I_66, I_86, I_51, I_67, I_57, I_85

Cluster (1,3)
Prototypes: [I_81]
Number of elements: 12
Elements: I_70, I_80, I_81, I_68, I_82, I_93, I_58, I_94, I_99, I_61, I_63, I_83

Cluster (1,4)
Prototypes: [I_17]
Number of elements: 0
Elements

Cluster (1,5)
Prototypes: [I_6]
Number of elements: 3
Elements: I_45, I_6, I_17

Cluster (1,6)
Prototypes: [I_50]
Number of elements: 23
Elements: I_23, I_36, I_14, I_15, I_25, I_37, I_3, I_21, I_39, I_43, I_29, I_1, I_2, I_5, I_12, I_26, I_31, I_34, I_47, I_50, I_9, I_30, I_48

Cluster (1,7)
Prototypes: [I_20]
Number of elements: 24
Elements: I_4, I_7, I_8, I_10, I_13, I_24, I_27, I_35, I_40, I_41, I_42, I_46, I_11, I_18, I_19, I_20, I_22, I_28, I_32, I_33, I_38, I_44, I_49, I_16


Critério de adequação (energia): 0.847054698758
=====================================
	Confusion Matrix
Classes			 Clusters
---------------------------------------
	0,0	0,1	0,2	0,3	0,4	1,0	1,1	1,2	1,3	1,5	1,6	1,7	Total

1	0	 0	 0	 0	 0	 0	 0	 0	 0	 3	 23	 24	 50
3	18	 6	 2	 0	 1	 12	 10	 1	 0	 0	 0	 0	 50
2	0	 0	 5	 17	 0	 0	 2	 14	 12	 0	 0	 0	 50
Total	[18  6  7 17  1 12 12 15 12  3 23 24]

Matriz de pesos:
Cluster (0,0): 0.0285305737243 0.0223917604442 0.897945622782 0.0511320430497
Cluster (0,1): 0.140593503473 0.011329421319 0.561750392854 0.286326682354
Cluster (0,2): 0.021095822591 0.00569194430355 0.389919172196 0.58329306091
Cluster (0,3): 0.0134027924894 0.0152914447276 0.16022605286 0.811079709923
Cluster (0,4): 0.0388631740019 0.607039716919 0.126078708751 0.228018400328
Cluster (0,5): 0.35308059627 0.125978915981 0.184747727148 0.336192760601
Cluster (0,6): 0.468635810129 0.0798040421216 0.186133595344 0.265426552406
Cluster (0,7): 0.0184432887313 0.0033694464273 0.893635337721 0.08455192712
Cluster (1,0): 0.0485480652559 0.0250216426468 0.87410699946 0.0523232926377
Cluster (1,1): 0.0336847583098 0.0126372640992 0.69684600809 0.256831969501
Cluster (1,2): 0.0108028373064 0.00928674543874 0.675685364125 0.30422505313
Cluster (1,3): 0.0493625928355 0.0431340711659 0.234804187373 0.672699148625
Cluster (1,4): 0.504091154627 0.0296757389186 0.142155904896 0.324077201558
Cluster (1,5): 0.0295228987552 0.0249333316826 0.0738196767173 0.871724092845
Cluster (1,6): 0.00459984692113 0.00165148470337 0.0707695375818 0.922979130794
Cluster (1,7): 0.01669562996 0.00168740506228 0.881012905732 0.100604059246

Corrected Rand index: 0.46163389941
F-measure(P,Q): 0.561841033307
OERC: 0.0333333333333

#####################################
Repetição do experimento: 2

----------Partition----------
Cluster (0,0)
Prototypes: [I_50]
Number of elements: 23
Elements: I_14, I_36, I_3, I_23, I_43, I_39, I_29, I_48, I_50, I_1, I_12, I_30, I_31, I_2, I_4, I_8, I_21, I_25, I_40, I_5, I_9, I_26, I_35

Cluster (0,1)
Prototypes: [I_145]
Number of elements: 0
Elements

Cluster (0,2)
Prototypes: [I_93]
Number of elements: 0
Elements

Cluster (0,3)
Prototypes: [I_45]
Number of elements: 2
Elements: I_45, I_24

Cluster (0,4)
Prototypes: [I_82]
Number of elements: 10
Elements: I_99, I_94, I_58, I_61, I_82, I_80, I_81, I_63, I_68, I_70

Cluster (0,5)
Prototypes: [I_79]
Number of elements: 20
Elements: I_107, I_85, I_67, I_79, I_86, I_52, I_55, I_56, I_59, I_69, I_92, I_51, I_64, I_66, I_74, I_76, I_87, I_88, I_91, I_57

Cluster (0,6)
Prototypes: [I_147]
Number of elements: 21
Elements: I_114, I_122, I_124, I_127, I_128, I_139, I_147, I_71, I_102, I_143, I_84, I_53, I_73, I_78, I_120, I_134, I_77, I_150, I_111, I_115, I_142

Cluster (0,7)
Prototypes: [I_100]
Number of elements: 15
Elements: I_54, I_60, I_62, I_65, I_72, I_83, I_89, I_90, I_93, I_95, I_96, I_97, I_100, I_98, I_75

Cluster (1,0)
Prototypes: [I_37]
Number of elements: 4
Elements: I_15, I_34, I_37, I_47

Cluster (1,1)
Prototypes: [I_93]
Number of elements: 0
Elements

Cluster (1,2)
Prototypes: [I_20]
Number of elements: 0
Elements

Cluster (1,3)
Prototypes: [I_20]
Number of elements: 21
Elements: I_16, I_17, I_19, I_33, I_11, I_49, I_20, I_22, I_28, I_32, I_18, I_27, I_38, I_42, I_44, I_6, I_7, I_10, I_13, I_46, I_41

Cluster (1,4)
Prototypes: [I_6]
Number of elements: 0
Elements

Cluster (1,5)
Prototypes: [I_116]
Number of elements: 6
Elements: I_148, I_112, I_116, I_146, I_149, I_140

Cluster (1,6)
Prototypes: [I_125]
Number of elements: 20
Elements: I_137, I_101, I_105, I_133, I_141, I_145, I_121, I_129, I_144, I_113, I_125, I_110, I_135, I_104, I_117, I_138, I_130, I_109, I_103, I_126

Cluster (1,7)
Prototypes: [I_106]
Number of elements: 8
Elements: I_106, I_108, I_119, I_118, I_132, I_123, I_131, I_136


Critério de adequação (energia): 0.938438905059
=====================================
	Confusion Matrix
Classes			 Clusters
---------------------------------------
	0,0	0,3	0,4	0,5	0,6	0,7	1,0	1,3	1,5	1,6	1,7	Total

1	23	 2	 0	 0	 0	 0	 4	 21	 0	 0	 0	 50
3	0	 0	 0	 1	 15	 0	 0	 0	 6	 20	 8	 50
2	0	 0	 10	 19	 6	 15	 0	 0	 0	 0	 0	 50
Total	[23  2 10 20 21 15  4 21  6 20  8]

Matriz de pesos:
Cluster (0,0): 0.00427464587487 0.00329545943589 0.0589252338564 0.933504660833
Cluster (0,1): 0.0377514622732 0.906019900652 0.0342762573432 0.0219523797319
Cluster (0,2): 0.431152579808 0.0612891462851 0.196294984418 0.311263289489
Cluster (0,3): 0.509259537352 0.00685863852158 0.224382936771 0.259498887355
Cluster (0,4): 0.0306000021487 0.0313850323334 0.159012787852 0.779002177666
Cluster (0,5): 0.0116353739936 0.00955010237135 0.856761322759 0.122053200876
Cluster (0,6): 0.0236829997308 0.00663775828888 0.925385992034 0.0442932499458
Cluster (0,7): 0.0483729233193 0.033925243516 0.440111195583 0.477590637581
Cluster (1,0): 0.000329907375518 1.68987499344e-05 0.00833418576933 0.991319008105
Cluster (1,1): 0.875124876964 0.0122937806838 0.0477876083919 0.0647937339606
Cluster (1,2): 0.0252701431284 0.00248905646521 0.848932912426 0.12330788798
Cluster (1,3): 0.0253225212299 0.00249413029494 0.848645270489 0.123538077986
Cluster (1,4): 0.49420330822 0.0442857543226 0.236936259571 0.224574677887
Cluster (1,5): 0.0954798350392 0.0122422401822 0.847079529757 0.0451983950218
Cluster (1,6): 0.065649092139 0.016426306362 0.853992886929 0.06393171457
Cluster (1,7): 0.209065223347 0.0205112553532 0.434588457298 0.335835064002

Corrected Rand index: 0.46428569483
F-measure(P,Q): 0.581474233529
OERC: 0.0466666666667

#####################################
Repetição do experimento: 3

----------Partition----------
Cluster (0,0)
Prototypes: [I_50]
Number of elements: 19
Elements: I_42, I_2, I_7, I_16, I_17, I_18, I_22, I_32, I_41, I_46, I_1, I_5, I_13, I_29, I_38, I_50, I_20, I_10, I_33

Cluster (0,1)
Prototypes: [I_2]
Number of elements: 1
Elements: I_14

Cluster (0,2)
Prototypes: [I_72]
Number of elements: 0
Elements

Cluster (0,3)
Prototypes: [I_31]
Number of elements: 0
Elements

Cluster (0,4)
Prototypes: [I_94]
Number of elements: 6
Elements: I_99, I_58, I_94, I_61, I_82, I_80

Cluster (0,5)
Prototypes: [I_93]
Number of elements: 11
Elements: I_60, I_54, I_63, I_68, I_83, I_90, I_93, I_96, I_62, I_70, I_81

Cluster (0,6)
Prototypes: [I_124]
Number of elements: 13
Elements: I_127, I_139, I_71, I_124, I_128, I_73, I_122, I_78, I_147, I_114, I_120, I_53, I_77

Cluster (0,7)
Prototypes: [I_112]
Number of elements: 17
Elements: I_102, I_115, I_143, I_150, I_112, I_111, I_148, I_142, I_146, I_116, I_149, I_140, I_113, I_134, I_137, I_84, I_141

Cluster (1,0)
Prototypes: [I_6]
Number of elements: 6
Elements: I_45, I_6, I_19, I_27, I_24, I_44

Cluster (1,1)
Prototypes: [I_1]
Number of elements: 24
Elements: I_23, I_25, I_36, I_15, I_21, I_3, I_4, I_35, I_37, I_39, I_40, I_43, I_8, I_11, I_28, I_49, I_30, I_12, I_31, I_26, I_47, I_9, I_34, I_48

Cluster (1,2)
Prototypes: [I_12]
Number of elements: 0
Elements

Cluster (1,3)
Prototypes: [I_117]
Number of elements: 0
Elements

Cluster (1,4)
Prototypes: [I_56]
Number of elements: 12
Elements: I_75, I_98, I_65, I_72, I_89, I_97, I_100, I_56, I_59, I_95, I_135, I_88

Cluster (1,5)
Prototypes: [I_79]
Number of elements: 17
Elements: I_69, I_67, I_66, I_76, I_79, I_92, I_51, I_52, I_55, I_64, I_86, I_87, I_85, I_57, I_107, I_74, I_91

Cluster (1,6)
Prototypes: [I_117]
Number of elements: 4
Elements: I_104, I_117, I_130, I_138

Cluster (1,7)
Prototypes: [I_103]
Number of elements: 20
Elements: I_101, I_103, I_105, I_106, I_108, I_110, I_118, I_121, I_123, I_125, I_126, I_131, I_132, I_136, I_144, I_145, I_119, I_129, I_133, I_109


Critério de adequação (energia): 1.13778022978
=====================================
	Confusion Matrix
Classes			 Clusters
---------------------------------------
	0,0	0,1	0,4	0,5	0,6	0,7	1,0	1,1	1,4	1,5	1,6	1,7	Total

1	19	 1	 0	 0	 0	 0	 6	 24	 0	 0	 0	 0	 50
3	0	 0	 0	 0	 8	 16	 0	 0	 1	 1	 4	 20	 50
2	0	 0	 6	 11	 5	 1	 0	 0	 11	 16	 0	 0	 50
Total	[19  1  6 11 13 17  6 24 12 17  4 20]

Matriz de pesos:
Cluster (0,0): 0.00851343910268 0.00100669786809 0.929328143392 0.0611517196369
Cluster (0,1): 0.0234203999466 0.00271692147402 0.560967871512 0.412894807067
Cluster (0,2): 0.243647530718 0.259254528696 0.248199357237 0.24889858335
Cluster (0,3): 0.555666963539 0.0693202431181 0.197028753864 0.177984039479
Cluster (0,4): 0.0192039478079 0.0170173799833 0.176792563145 0.786986109064
Cluster (0,5): 0.052643496891 0.0168661399507 0.80267508253 0.127815280629
Cluster (0,6): 0.0135288137162 0.00704764003154 0.937413085899 0.0420104603529
Cluster (0,7): 0.0504151592675 0.0147206778663 0.874990522161 0.0598736407051
Cluster (1,0): 0.0210925339358 0.00440167639406 0.802522989513 0.171982800158
Cluster (1,1): 0.00347103842956 0.00171162610606 0.0586765869868 0.936140748478
Cluster (1,2): 0.00315499499971 0.00189729575291 0.0352780776678 0.95966963158
Cluster (1,3): 0.145619405403 0.455330869719 0.177216791265 0.221832933613
Cluster (1,4): 0.00833004256238 0.0294397892203 0.0253337324962 0.936896435721
Cluster (1,5): 0.0111721342806 0.00848080513912 0.840404129114 0.139942931467
Cluster (1,6): 0.0385272038885 0.152177823208 0.495370290664 0.31392468224
Cluster (1,7): 0.0821543742172 0.044919534979 0.519785434916 0.353140655888

Corrected Rand index: 0.440340298783
F-measure(P,Q): 0.565896386792
OERC: 0.0533333333333

#####################################
Repetição do experimento: 4

----------Partition----------
Cluster (0,0)
Prototypes: [I_136]
Number of elements: 9
Elements: I_101, I_103, I_105, I_110, I_144, I_106, I_119, I_136, I_118

Cluster (0,1)
Prototypes: [I_117]
Number of elements: 16
Elements: I_112, I_116, I_140, I_149, I_135, I_113, I_137, I_141, I_117, I_129, I_133, I_138, I_145, I_121, I_104, I_125

Cluster (0,2)
Prototypes: [I_143]
Number of elements: 15
Elements: I_115, I_84, I_134, I_102, I_143, I_150, I_114, I_122, I_147, I_142, I_78, I_146, I_120, I_111, I_148

Cluster (0,3)
Prototypes: [I_133]
Number of elements: 0
Elements

Cluster (0,4)
Prototypes: [I_100]
Number of elements: 19
Elements: I_83, I_60, I_93, I_90, I_100, I_72, I_89, I_95, I_96, I_97, I_91, I_75, I_98, I_62, I_54, I_76, I_56, I_66, I_88

Cluster (0,5)
Prototypes: [I_82]
Number of elements: 8
Elements: I_58, I_61, I_94, I_99, I_82, I_63, I_80, I_68

Cluster (0,6)
Prototypes: [I_35]
Number of elements: 0
Elements

Cluster (0,7)
Prototypes: [I_50]
Number of elements: 39
Elements: I_33, I_42, I_47, I_49, I_5, I_38, I_1, I_18, I_25, I_28, I_41, I_8, I_12, I_23, I_29, I_40, I_2, I_7, I_10, I_13, I_26, I_30, I_31, I_35, I_46, I_50, I_3, I_4, I_36, I_48, I_9, I_39, I_43, I_14, I_11, I_21, I_34, I_37, I_15

Cluster (1,0)
Prototypes: [I_126]
Number of elements: 7
Elements: I_130, I_109, I_126, I_108, I_131, I_123, I_132

Cluster (1,1)
Prototypes: [I_57]
Number of elements: 17
Elements: I_71, I_124, I_127, I_128, I_139, I_107, I_57, I_67, I_73, I_86, I_69, I_79, I_55, I_52, I_85, I_87, I_53

Cluster (1,2)
Prototypes: [I_64]
Number of elements: 6
Elements: I_74, I_59, I_64, I_92, I_51, I_77

Cluster (1,3)
Prototypes: [I_8]
Number of elements: 0
Elements

Cluster (1,4)
Prototypes: [I_129]
Number of elements: 0
Elements

Cluster (1,5)
Prototypes: [I_26]
Number of elements: 0
Elements

Cluster (1,6)
Prototypes: [I_70]
Number of elements: 3
Elements: I_70, I_65, I_81

Cluster (1,7)
Prototypes: [I_27]
Number of elements: 11
Elements: I_44, I_16, I_24, I_32, I_6, I_17, I_22, I_27, I_19, I_45, I_20


Critério de adequação (energia): 0.999993900171
=====================================
	Confusion Matrix
Classes			 Clusters
---------------------------------------
	0,0	0,1	0,2	0,4	0,5	0,7	1,0	1,1	1,2	1,6	1,7	Total

1	0	 0	 0	 0	 0	 39	 0	 0	 0	 0	 11	 50
3	9	 16	 13	 0	 0	 0	 7	 5	 0	 0	 0	 50
2	0	 0	 2	 19	 8	 0	 0	 12	 6	 3	 0	 50
Total	[ 9 16 15 19  8 39  7 17  6  3 11]

Matriz de pesos:
Cluster (0,0): 0.0403170482663 0.0282977052432 0.477651295536 0.453733950955
Cluster (0,1): 0.073438979096 0.0209009370708 0.882636160943 0.02302392289
Cluster (0,2): 0.00552618185577 0.00605812426824 0.969055353663 0.0193603402126
Cluster (0,3): 0.223329277124 0.387081582103 0.263918600426 0.125670540346
Cluster (0,4): 0.0226307994643 0.0224004130513 0.354819066478 0.600149721007
Cluster (0,5): 0.0195714124773 0.021283883744 0.107862563586 0.851282140193
Cluster (0,6): 0.332503466739 0.062074013726 0.269707792834 0.3357147267
Cluster (0,7): 0.0167617581288 0.00432283167428 0.341609991395 0.637305418802
Cluster (1,0): 0.0811168193822 0.0115315659683 0.469786924297 0.437564690353
Cluster (1,1): 0.0190221774157 0.00633981444848 0.771504711684 0.203133296452
Cluster (1,2): 0.0207620599092 0.0522907580258 0.860868447753 0.0660787343119
Cluster (1,3): 0.230202417738 0.377855391871 0.161636613879 0.230305576513
Cluster (1,4): 0.196913490411 0.497445074662 0.188162888542 0.117478546385
Cluster (1,5): 0.520834361341 0.112726057404 0.173033595884 0.193405985371
Cluster (1,6): 0.674760474967 0.0210723621124 0.0997772229892 0.204389939931
Cluster (1,7): 0.0236435699837 0.00474328620043 0.584053629907 0.387559513909

Corrected Rand index: 0.52683116242
F-measure(P,Q): 0.637325872304
OERC: 0.0466666666667

#####################################
Repetição do experimento: 5

----------Partition----------
Cluster (0,0)
Prototypes: [I_50]
Number of elements: 37
Elements: I_1, I_3, I_5, I_7, I_8, I_10, I_11, I_12, I_15, I_18, I_20, I_28, I_29, I_30, I_33, I_34, I_35, I_36, I_37, I_38, I_40, I_41, I_43, I_47, I_48, I_49, I_50, I_2, I_4, I_9, I_13, I_14, I_26, I_31, I_39, I_42, I_46

Cluster (0,1)
Prototypes: [I_47]
Number of elements: 3
Elements: I_25, I_21, I_23

Cluster (0,2)
Prototypes: [I_26]
Number of elements: 0
Elements

Cluster (0,3)
Prototypes: [I_134]
Number of elements: 11
Elements: I_134, I_130, I_53, I_62, I_73, I_120, I_52, I_67, I_79, I_85, I_87

Cluster (0,4)
Prototypes: [I_93]
Number of elements: 13
Elements: I_68, I_70, I_93, I_81, I_89, I_97, I_100, I_95, I_63, I_54, I_60, I_72, I_90

Cluster (0,5)
Prototypes: [I_143]
Number of elements: 6
Elements: I_114, I_115, I_102, I_143, I_122, I_84

Cluster (0,6)
Prototypes: [I_83]
Number of elements: 10
Elements: I_91, I_94, I_99, I_58, I_61, I_65, I_98, I_75, I_83, I_96

Cluster (0,7)
Prototypes: [I_92]
Number of elements: 15
Elements: I_69, I_88, I_107, I_74, I_55, I_64, I_77, I_59, I_92, I_76, I_66, I_51, I_86, I_57, I_56

Cluster (1,0)
Prototypes: [I_27]
Number of elements: 10
Elements: I_44, I_24, I_27, I_6, I_22, I_32, I_16, I_19, I_45, I_17

Cluster (1,1)
Prototypes: [I_135]
Number of elements: 0
Elements

Cluster (1,2)
Prototypes: [I_135]
Number of elements: 1
Elements: I_135

Cluster (1,3)
Prototypes: [I_48]
Number of elements: 0
Elements

Cluster (1,4)
Prototypes: [I_80]
Number of elements: 2
Elements: I_80, I_82

Cluster (1,5)
Prototypes: [I_30]
Number of elements: 0
Elements

Cluster (1,6)
Prototypes: [I_150]
Number of elements: 14
Elements: I_71, I_150, I_128, I_139, I_78, I_111, I_124, I_127, I_138, I_147, I_112, I_117, I_148, I_104

Cluster (1,7)
Prototypes: [I_103]
Number of elements: 28
Elements: I_105, I_119, I_101, I_103, I_106, I_108, I_110, I_113, I_116, I_118, I_121, I_123, I_125, I_126, I_131, I_132, I_136, I_137, I_140, I_141, I_142, I_144, I_145, I_146, I_149, I_129, I_133, I_109


Critério de adequação (energia): 1.80790161338
=====================================
	Confusion Matrix
Classes			 Clusters
---------------------------------------
	0,0	0,1	0,3	0,4	0,5	0,6	0,7	1,0	1,2	1,4	1,6	1,7	Total

1	37	 3	 0	 0	 0	 0	 0	 10	 0	 0	 0	 0	 50
3	0	 0	 3	 0	 5	 0	 1	 0	 1	 0	 12	 28	 50
2	0	 0	 8	 13	 1	 10	 14	 0	 0	 2	 2	 0	 50
Total	[37  3 11 13  6 10 15 10  1  2 14 28]

Matriz de pesos:
Cluster (0,0): 0.0158081851919 0.00373679377553 0.455312799371 0.525142221662
Cluster (0,1): 0.00261534522565 0.000397087847317 0.021971488402 0.975016078525
Cluster (0,2): 0.171745134868 0.507788314654 0.136152667322 0.184313883156
Cluster (0,3): 0.0118490407405 0.00764778352173 0.0533252213552 0.927177954383
Cluster (0,4): 0.0524356866559 0.0205997313272 0.760497103446 0.166467478571
Cluster (0,5): 0.240060325775 0.106214551027 0.600906977145 0.0528181460525
Cluster (0,6): 0.0468796808243 0.0423482445869 0.269874813356 0.640897261233
Cluster (0,7): 0.0167622051729 0.0128871819203 0.773074351916 0.197276260991
Cluster (1,0): 0.0208272046133 0.00449038761138 0.573735710227 0.400946697548
Cluster (1,1): 0.488592935387 0.0892535472661 0.111041940193 0.311111577154
Cluster (1,2): 0.300530415879 0.169291253561 0.174489135854 0.355689194706
Cluster (1,3): 0.151067623097 0.42456153435 0.169977376973 0.25439346558
Cluster (1,4): 0.352473337205 0.100336456586 0.300550238111 0.246639968098
Cluster (1,5): 0.165833740032 0.592656115609 0.133553130153 0.107957014206
Cluster (1,6): 0.0317742774826 0.0450510644411 0.374434539946 0.54874011813
Cluster (1,7): 0.0833317987674 0.0588667485021 0.468495460925 0.389305991805

Corrected Rand index: 0.548768648292
F-measure(P,Q): 0.666430887121
OERC: 0.0466666666667

#####################################
Repetição do experimento: 6

----------Partition----------
Cluster (0,0)
Prototypes: [I_50]
Number of elements: 42
Elements: I_42, I_9, I_14, I_39, I_43, I_4, I_46, I_2, I_3, I_13, I_30, I_31, I_48, I_7, I_10, I_35, I_23, I_12, I_50, I_8, I_16, I_38, I_1, I_5, I_15, I_20, I_33, I_34, I_40, I_47, I_6, I_11, I_17, I_18, I_19, I_22, I_28, I_29, I_37, I_49, I_21, I_32

Cluster (0,1)
Prototypes: [I_25]
Number of elements: 1
Elements: I_25

Cluster (0,2)
Prototypes: [I_93]
Number of elements: 7
Elements: I_70, I_63, I_68, I_83, I_93, I_60, I_96

Cluster (0,3)
Prototypes: [I_79]
Number of elements: 16
Elements: I_86, I_69, I_107, I_52, I_91, I_67, I_79, I_85, I_66, I_76, I_51, I_56, I_57, I_64, I_74, I_92

Cluster (0,4)
Prototypes: [I_95]
Number of elements: 13
Elements: I_59, I_65, I_72, I_75, I_89, I_95, I_97, I_98, I_100, I_54, I_90, I_77, I_88

Cluster (0,5)
Prototypes: [I_134]
Number of elements: 9
Elements: I_130, I_135, I_53, I_73, I_87, I_134, I_55, I_120, I_62

Cluster (0,6)
Prototypes: [I_106]
Number of elements: 5
Elements: I_119, I_106, I_123, I_118, I_132

Cluster (0,7)
Prototypes: [I_121]
Number of elements: 17
Elements: I_101, I_103, I_105, I_110, I_113, I_116, I_121, I_125, I_129, I_133, I_136, I_140, I_141, I_144, I_145, I_137, I_149

Cluster (1,0)
Prototypes: [I_44]
Number of elements: 11
Elements: I_99, I_58, I_94, I_61, I_44, I_24, I_45, I_27, I_41, I_26, I_36

Cluster (1,1)
Prototypes: [I_82]
Number of elements: 3
Elements: I_80, I_82, I_81

Cluster (1,2)
Prototypes: [I_12]
Number of elements: 0
Elements

Cluster (1,3)
Prototypes: [I_143]
Number of elements: 11
Elements: I_115, I_114, I_122, I_102, I_111, I_143, I_78, I_142, I_146, I_147, I_148

Cluster (1,4)
Prototypes: [I_150]
Number of elements: 10
Elements: I_117, I_138, I_104, I_112, I_150, I_124, I_128, I_127, I_139, I_71

Cluster (1,5)
Prototypes: [I_84]
Number of elements: 1
Elements: I_84

Cluster (1,6)
Prototypes: [I_16]
Number of elements: 0
Elements

Cluster (1,7)
Prototypes: [I_126]
Number of elements: 4
Elements: I_109, I_108, I_126, I_131


Critério de adequação (energia): 0.986418591219
=====================================
	Confusion Matrix
Classes			 Clusters
---------------------------------------
	0,0	0,1	0,2	0,3	0,4	0,5	0,6	0,7	1,0	1,1	1,3	1,4	1,5	1,7	Total

1	42	 1	 0	 0	 0	 0	 0	 0	 7	 0	 0	 0	 0	 0	 50
3	0	 0	 0	 1	 0	 4	 5	 17	 0	 0	 10	 9	 0	 4	 50
2	0	 0	 7	 15	 13	 5	 0	 0	 4	 3	 1	 1	 1	 0	 50
Total	[42  1  7 16 13  9  5 17 11  3 11 10  1  4]

Matriz de pesos:
Cluster (0,0): 0.0220722184981 0.00499894215184 0.623529861431 0.34939897792
Cluster (0,1): 0.206333746794 0.0640096508092 0.335409267308 0.394247335089
Cluster (0,2): 0.108891883914 0.015381659441 0.779066935671 0.0966595209738
Cluster (0,3): 0.0101158077575 0.00834921757932 0.875419673117 0.106115301546
Cluster (0,4): 0.0102297783274 0.016242185922 0.16581733592 0.80771069983
Cluster (0,5): 0.0186340983336 0.0117535820138 0.0675870752255 0.902025244427
Cluster (0,6): 0.147630095892 0.006638400949 0.498880380239 0.34685112292
Cluster (0,7): 0.0548961095127 0.0570761720632 0.495289306954 0.39273841147
Cluster (1,0): 0.931113168661 0.00271690960565 0.0241115954464 0.0420583262871
Cluster (1,1): 0.23570223119 0.0468931783806 0.286460210816 0.430944379614
Cluster (1,2): 0.405119701003 0.178265408641 0.232428378664 0.184186511691
Cluster (1,3): 0.0262384264352 0.0130070992629 0.917586083613 0.0431683906884
Cluster (1,4): 0.0266471495868 0.0344192451236 0.288695918818 0.650237686471
Cluster (1,5): 0.0723890193242 0.0529415480279 0.513097064138 0.36157236851
Cluster (1,6): 0.337710127248 0.128956699052 0.194700754768 0.338632418933
Cluster (1,7): 0.0488937493347 0.0059943899706 0.466882554913 0.478229305781

Corrected Rand index: 0.526955482325
F-measure(P,Q): 0.625017206458
OERC: 0.0733333333333

#####################################
Repetição do experimento: 7

----------Partition----------
Cluster (0,0)
Prototypes: [I_20]
Number of elements: 0
Elements

Cluster (0,1)
Prototypes: [I_130]
Number of elements: 0
Elements

Cluster (0,2)
Prototypes: [I_76]
Number of elements: 17
Elements: I_59, I_64, I_74, I_75, I_98, I_56, I_79, I_97, I_55, I_91, I_95, I_69, I_86, I_57, I_88, I_100, I_107

Cluster (0,3)
Prototypes: [I_81]
Number of elements: 15
Elements: I_83, I_68, I_93, I_54, I_60, I_63, I_70, I_90, I_80, I_81, I_82, I_61, I_65, I_99, I_72

Cluster (0,4)
Prototypes: [I_61]
Number of elements: 2
Elements: I_58, I_94

Cluster (0,5)
Prototypes: [I_30]
Number of elements: 0
Elements

Cluster (0,6)
Prototypes: [I_52]
Number of elements: 13
Elements: I_51, I_52, I_71, I_111, I_116, I_121, I_126, I_144, I_36, I_3, I_43, I_30, I_48

Cluster (0,7)
Prototypes: [I_66]
Number of elements: 11
Elements: I_53, I_66, I_87, I_138, I_140, I_141, I_142, I_10, I_4, I_31, I_35

Cluster (1,0)
Prototypes: [I_20]
Number of elements: 33
Elements: I_11, I_5, I_38, I_49, I_15, I_19, I_47, I_20, I_22, I_17, I_33, I_6, I_34, I_44, I_45, I_18, I_1, I_28, I_37, I_41, I_42, I_16, I_32, I_21, I_27, I_29, I_40, I_8, I_12, I_24, I_7, I_50, I_9

Cluster (1,1)
Prototypes: [I_12]
Number of elements: 2
Elements: I_23, I_25

Cluster (1,2)
Prototypes: [I_135]
Number of elements: 1
Elements: I_135

Cluster (1,3)
Prototypes: [I_131]
Number of elements: 8
Elements: I_109, I_132, I_119, I_118, I_131, I_104, I_123, I_108

Cluster (1,4)
Prototypes: [I_147]
Number of elements: 14
Elements: I_115, I_134, I_84, I_114, I_120, I_73, I_102, I_122, I_143, I_124, I_127, I_147, I_77, I_112

Cluster (1,5)
Prototypes: [I_121]
Number of elements: 8
Elements: I_137, I_149, I_110, I_125, I_145, I_101, I_129, I_133

Cluster (1,6)
Prototypes: [I_4]
Number of elements: 0
Elements

Cluster (1,7)
Prototypes: [I_62]
Number of elements: 26
Elements: I_103, I_105, I_106, I_136, I_146, I_113, I_117, I_130, I_148, I_78, I_128, I_150, I_139, I_76, I_92, I_62, I_67, I_85, I_96, I_89, I_14, I_13, I_39, I_46, I_2, I_26


Critério de adequação (energia): 1.1934502653
=====================================
	Confusion Matrix
Classes			 Clusters
---------------------------------------
	0,2	0,3	0,4	0,6	0,7	1,0	1,1	1,2	1,3	1,4	1,5	1,7	Total

1	0	 0	 0	 5	 4	 33	 2	 0	 0	 0	 0	 6	 50
3	1	 0	 0	 5	 4	 0	 0	 1	 8	 11	 8	 12	 50
2	16	 15	 2	 3	 3	 0	 0	 0	 0	 3	 0	 8	 50
Total	[17 15  2 13 11 33  2  1  8 14  8 26]

Matriz de pesos:
Cluster (0,0): 0.0342891241794 0.0051878667557 0.740534988848 0.219988020217
Cluster (0,1): 0.0693088885818 0.296580396834 0.174517569437 0.459593145147
Cluster (0,2): 0.0142603268356 0.0174966128363 0.658032077242 0.310210983086
Cluster (0,3): 0.0940105964135 0.0544881233644 0.414392180348 0.437109099875
Cluster (0,4): 0.16737168058 0.0873129043551 0.468431492532 0.276883922533
Cluster (0,5): 0.0332982564636 0.903355436724 0.0362495323091 0.0270967745036
Cluster (0,6): 9.65095857104e-05 0.999648232643 0.000129722204508 0.000125535566574
Cluster (0,7): 0.000361509410732 0.998464074729 0.000643172041233 0.000531243818768
Cluster (1,0): 0.0342887663028 0.00518781178762 0.740537119098 0.219986302812
Cluster (1,1): 0.103520201913 0.0341417147062 0.0684435594392 0.793894523941
Cluster (1,2): 0.158467239203 0.140215722788 0.238278446612 0.463038591398
Cluster (1,3): 0.0630442247282 0.0288846149279 0.353479897283 0.554591263061
Cluster (1,4): 0.0217903326896 0.017327767948 0.921912028036 0.0389698713264
Cluster (1,5): 0.0323868064486 0.028634150972 0.714593132197 0.224385910383
Cluster (1,6): 0.0263307035209 0.91446947015 0.0316644666084 0.027535359721
Cluster (1,7): 6.87902706278e-05 0.99974312795 9.52439839588e-05 9.28377950781e-05

Corrected Rand index: 0.402296553757
F-measure(P,Q): 0.538847554397
OERC: 0.22

#####################################
Repetição do experimento: 8

----------Partition----------
Cluster (0,0)
Prototypes: [I_73]
Number of elements: 16
Elements: I_130, I_134, I_135, I_73, I_85, I_86, I_120, I_52, I_53, I_55, I_62, I_67, I_69, I_79, I_87, I_57

Cluster (0,1)
Prototypes: [I_8]
Number of elements: 0
Elements

Cluster (0,2)
Prototypes: [I_14]
Number of elements: 1
Elements: I_14

Cluster (0,3)
Prototypes: [I_50]
Number of elements: 29
Elements: I_9, I_39, I_43, I_2, I_3, I_23, I_36, I_37, I_48, I_1, I_5, I_15, I_25, I_29, I_50, I_34, I_21, I_4, I_12, I_30, I_31, I_35, I_26, I_47, I_11, I_49, I_8, I_28, I_40

Cluster (0,4)
Prototypes: [I_18]
Number of elements: 7
Elements: I_19, I_41, I_42, I_7, I_17, I_18, I_46

Cluster (0,5)
Prototypes: [I_49]
Number of elements: 0
Elements

Cluster (0,6)
Prototypes: [I_137]
Number of elements: 11
Elements: I_145, I_101, I_110, I_116, I_137, I_138, I_141, I_149, I_104, I_117, I_121

Cluster (0,7)
Prototypes: [I_103]
Number of elements: 18
Elements: I_103, I_105, I_109, I_113, I_125, I_129, I_133, I_140, I_144, I_108, I_119, I_131, I_118, I_123, I_126, I_106, I_136, I_132

Cluster (1,0)
Prototypes: [I_98]
Number of elements: 23
Elements: I_54, I_60, I_90, I_95, I_100, I_89, I_97, I_56, I_72, I_64, I_66, I_74, I_75, I_76, I_88, I_92, I_98, I_51, I_59, I_77, I_65, I_91, I_96

Cluster (1,1)
Prototypes: [I_82]
Number of elements: 10
Elements: I_99, I_58, I_61, I_94, I_80, I_82, I_81, I_70, I_63, I_68

Cluster (1,2)
Prototypes: [I_24]
Number of elements: 2
Elements: I_45, I_24

Cluster (1,3)
Prototypes: [I_20]
Number of elements: 10
Elements: I_27, I_32, I_44, I_22, I_20, I_10, I_33, I_38, I_13, I_16

Cluster (1,4)
Prototypes: [I_6]
Number of elements: 1
Elements: I_6

Cluster (1,5)
Prototypes: [I_93]
Number of elements: 3
Elements: I_115, I_83, I_93

Cluster (1,6)
Prototypes: [I_23]
Number of elements: 0
Elements

Cluster (1,7)
Prototypes: [I_147]
Number of elements: 19
Elements: I_71, I_139, I_128, I_127, I_150, I_124, I_102, I_107, I_143, I_78, I_114, I_122, I_147, I_111, I_84, I_112, I_142, I_148, I_146


Critério de adequação (energia): 1.39659982365
=====================================
	Confusion Matrix
Classes			 Clusters
---------------------------------------
	0,0	0,2	0,3	0,4	0,6	0,7	1,0	1,1	1,2	1,3	1,4	1,5	1,7	Total

1	0	 1	 29	 7	 0	 0	 0	 0	 2	 10	 1	 0	 0	 50
3	4	 0	 0	 0	 11	 18	 0	 0	 0	 0	 0	 1	 16	 50
2	12	 0	 0	 0	 0	 0	 23	 10	 0	 0	 0	 2	 3	 50
Total	[16  1 29  7 11 18 23 10  2 10  1  3 19]

Matriz de pesos:
Cluster (0,0): 0.0115084062834 0.00287265783624 0.0560412889635 0.929577646917
Cluster (0,1): 0.344955180237 0.171299136551 0.220920841392 0.26282484182
Cluster (0,2): 0.0232491379758 0.0153842670475 0.344628970066 0.61673762491
Cluster (0,3): 0.000562332074145 0.000195770627413 0.010148734024 0.989093163274
Cluster (0,4): 0.00756829396716 0.00126440765337 0.32494086948 0.6662264289
Cluster (0,5): 0.448124293683 0.236202081312 0.184314813073 0.131358811932
Cluster (0,6): 0.0711342493415 0.0813179797217 0.67267481566 0.174872955276
Cluster (0,7): 0.0740953811998 0.0556487756161 0.398079313683 0.472176529501
Cluster (1,0): 0.0150821068996 0.0204261890265 0.206840918919 0.757650785155
Cluster (1,1): 0.0281317686245 0.0356577284506 0.1585131638 0.777697339125
Cluster (1,2): 0.594095355396 0.00613226298078 0.17222155894 0.227550822683
Cluster (1,3): 0.0300442121546 0.00150342519438 0.940737476303 0.027714886348
Cluster (1,4): 0.123416593852 0.0123415994242 0.395134641037 0.469107165686
Cluster (1,5): 0.99382612647 0.00284398684643 0.002870474766 0.000459411917935
Cluster (1,6): 0.255182403399 0.37701820261 0.184515214726 0.183284179265
Cluster (1,7): 0.0284229278058 0.00987905659578 0.754246864895 0.207451150703

Corrected Rand index: 0.474939350451
F-measure(P,Q): 0.631241988732
OERC: 0.0533333333333

#####################################
Repetição do experimento: 9

----------Partition----------
Cluster (0,0)
Prototypes: [I_103]
Number of elements: 18
Elements: I_101, I_103, I_105, I_109, I_121, I_125, I_129, I_131, I_133, I_144, I_108, I_119, I_126, I_123, I_136, I_106, I_118, I_132

Cluster (0,1)
Prototypes: [I_128]
Number of elements: 14
Elements: I_71, I_78, I_127, I_128, I_139, I_150, I_124, I_102, I_143, I_114, I_122, I_147, I_107, I_111

Cluster (0,2)
Prototypes: [I_87]
Number of elements: 20
Elements: I_79, I_64, I_92, I_52, I_55, I_77, I_86, I_51, I_57, I_87, I_53, I_134, I_135, I_67, I_73, I_62, I_85, I_120, I_69, I_130

Cluster (0,3)
Prototypes: [I_95]
Number of elements: 21
Elements: I_54, I_90, I_91, I_56, I_60, I_65, I_83, I_88, I_93, I_95, I_100, I_72, I_74, I_89, I_96, I_97, I_98, I_75, I_59, I_76, I_66

Cluster (0,4)
Prototypes: [I_69]
Number of elements: 0
Elements

Cluster (0,5)
Prototypes: [I_110]
Number of elements: 1
Elements: I_110

Cluster (0,6)
Prototypes: [I_143]
Number of elements: 0
Elements

Cluster (0,7)
Prototypes: [I_50]
Number of elements: 21
Elements: I_15, I_36, I_37, I_21, I_25, I_3, I_14, I_1, I_29, I_39, I_43, I_2, I_26, I_30, I_31, I_48, I_50, I_9, I_12, I_4, I_47

Cluster (1,0)
Prototypes: [I_140]
Number of elements: 15
Elements: I_142, I_146, I_148, I_113, I_115, I_116, I_117, I_138, I_140, I_141, I_145, I_149, I_104, I_112, I_137

Cluster (1,1)
Prototypes: [I_7]
Number of elements: 0
Elements

Cluster (1,2)
Prototypes: [I_84]
Number of elements: 1
Elements: I_84

Cluster (1,3)
Prototypes: [I_82]
Number of elements: 10
Elements: I_99, I_58, I_94, I_61, I_80, I_82, I_81, I_68, I_70, I_63

Cluster (1,4)
Prototypes: [I_24]
Number of elements: 2
Elements: I_45, I_24

Cluster (1,5)
Prototypes: [I_38]
Number of elements: 3
Elements: I_23, I_5, I_38

Cluster (1,6)
Prototypes: [I_65]
Number of elements: 0
Elements

Cluster (1,7)
Prototypes: [I_20]
Number of elements: 24
Elements: I_7, I_8, I_10, I_13, I_27, I_35, I_40, I_41, I_46, I_18, I_28, I_32, I_44, I_11, I_22, I_49, I_20, I_6, I_17, I_19, I_33, I_42, I_16, I_34


Critério de adequação (energia): 1.37059552896
=====================================
	Confusion Matrix
Classes			 Clusters
---------------------------------------
	0,0	0,1	0,2	0,3	0,5	0,7	1,0	1,2	1,3	1,4	1,5	1,7	Total

1	0	 0	 0	 0	 0	 21	 0	 0	 0	 2	 3	 24	 50
3	18	 12	 4	 0	 1	 0	 15	 0	 0	 0	 0	 0	 50
2	0	 2	 16	 21	 0	 0	 0	 1	 10	 0	 0	 0	 50
Total	[18 14 20 21  1 21 15  1 10  2  3 24]

Matriz de pesos:
Cluster (0,0): 0.0711911752669 0.0458547662315 0.445105232092 0.43784882641
Cluster (0,1): 0.0249717906623 0.0165211716103 0.638455073269 0.320051964458
Cluster (0,2): 0.0121277297741 0.00899677744206 0.141172139394 0.83770335339
Cluster (0,3): 0.0134157190958 0.0195573232418 0.233103740913 0.733923216749
Cluster (0,4): 0.201959104066 0.0373276060902 0.399165502524 0.361547787321
Cluster (0,5): 0.000106645619873 0.999683831505 0.000116371625914 9.31512491436e-05
Cluster (0,6): 0.415682618115 0.30197492415 0.151386698209 0.130955759526
Cluster (0,7): 0.0040835444313 0.00288595146118 0.0819697030743 0.911060801033
Cluster (1,0): 0.0282590238887 0.0505242263636 0.825919342663 0.0952974070847
Cluster (1,1): 0.173063152969 0.524426623488 0.158578924697 0.143931298846
Cluster (1,2): 0.170645951941 0.123418197945 0.285814328127 0.420121521987
Cluster (1,3): 0.0270709919425 0.0281612581568 0.141178619252 0.803589130648
Cluster (1,4): 0.608112825751 0.00617580866503 0.149838988171 0.235872377414
Cluster (1,5): 0.0137721135602 0.923153130882 0.0305696333106 0.0325051222476
Cluster (1,6): 0.546435951322 0.0991289861424 0.198126169906 0.156308892629
Cluster (1,7): 0.0214891323932 0.00216681509951 0.851821637378 0.12452241513

Corrected Rand index: 0.482355294889
F-measure(P,Q): 0.589869903043
OERC: 0.04

#####################################
Repetição do experimento: 10

----------Partition----------
Cluster (0,0)
Prototypes: [I_44]
Number of elements: 8
Elements: I_58, I_94, I_61, I_44, I_27, I_45, I_24, I_41

Cluster (0,1)
Prototypes: [I_99]
Number of elements: 1
Elements: I_99

Cluster (0,2)
Prototypes: [I_103]
Number of elements: 0
Elements

Cluster (0,3)
Prototypes: [I_35]
Number of elements: 0
Elements

Cluster (0,4)
Prototypes: [I_117]
Number of elements: 0
Elements

Cluster (0,5)
Prototypes: [I_41]
Number of elements: 0
Elements

Cluster (0,6)
Prototypes: [I_117]
Number of elements: 15
Elements: I_149, I_116, I_135, I_137, I_138, I_104, I_112, I_117, I_129, I_133, I_140, I_141, I_145, I_113, I_130

Cluster (0,7)
Prototypes: [I_103]
Number of elements: 17
Elements: I_101, I_110, I_118, I_132, I_125, I_144, I_121, I_105, I_126, I_103, I_106, I_108, I_136, I_119, I_123, I_131, I_109

Cluster (1,0)
Prototypes: [I_50]
Number of elements: 34
Elements: I_23, I_1, I_5, I_8, I_11, I_12, I_21, I_25, I_28, I_29, I_37, I_38, I_40, I_47, I_49, I_15, I_33, I_50, I_34, I_36, I_3, I_48, I_30, I_35, I_43, I_4, I_31, I_2, I_10, I_13, I_14, I_26, I_39, I_9

Cluster (1,1)
Prototypes: [I_20]
Number of elements: 11
Elements: I_6, I_22, I_32, I_16, I_17, I_19, I_20, I_18, I_46, I_7, I_42

Cluster (1,2)
Prototypes: [I_50]
Number of elements: 0
Elements

Cluster (1,3)
Prototypes: [I_82]
Number of elements: 4
Elements: I_82, I_80, I_81, I_70

Cluster (1,4)
Prototypes: [I_100]
Number of elements: 13
Elements: I_63, I_83, I_89, I_93, I_95, I_96, I_100, I_62, I_68, I_72, I_54, I_60, I_90

Cluster (1,5)
Prototypes: [I_97]
Number of elements: 5
