# Topology: 2x8
# Cardinality (q): 1
# Tmin: 0.300000011921
# Tmax: 6.0
# Number of iterations: 50.0

#####################################
Repetição do experimento: 0

----------Partition----------
Cluster (0,0)
Prototypes: [I_100]
Number of elements: 17
Elements: I_60, I_65, I_72, I_83, I_90, I_100, I_54, I_89, I_93, I_62, I_75, I_95, I_96, I_97, I_98, I_91, I_88

Cluster (0,1)
Prototypes: [I_123]
Number of elements: 2
Elements: I_123, I_131

Cluster (0,2)
Prototypes: [I_35]
Number of elements: 0
Elements

Cluster (0,3)
Prototypes: [I_20]
Number of elements: 24
Elements: I_7, I_8, I_27, I_40, I_41, I_4, I_10, I_18, I_28, I_35, I_38, I_44, I_13, I_20, I_22, I_33, I_42, I_46, I_49, I_11, I_16, I_17, I_19, I_32

Cluster (0,4)
Prototypes: [I_28]
Number of elements: 0
Elements

Cluster (0,5)
Prototypes: [I_77]
Number of elements: 1
Elements: I_77

Cluster (0,6)
Prototypes: [I_92]
Number of elements: 18
Elements: I_74, I_56, I_59, I_64, I_76, I_79, I_92, I_52, I_55, I_66, I_67, I_85, I_86, I_51, I_69, I_87, I_107, I_57

Cluster (0,7)
Prototypes: [I_147]
Number of elements: 17
Elements: I_120, I_73, I_84, I_134, I_124, I_102, I_143, I_147, I_114, I_122, I_111, I_78, I_115, I_53, I_142, I_146, I_148

Cluster (1,0)
Prototypes: [I_82]
Number of elements: 10
Elements: I_58, I_61, I_94, I_99, I_81, I_82, I_63, I_68, I_70, I_80

Cluster (1,1)
Prototypes: [I_80]
Number of elements: 0
Elements

Cluster (1,2)
Prototypes: [I_50]
Number of elements: 23
Elements: I_23, I_25, I_14, I_15, I_36, I_3, I_21, I_37, I_39, I_43, I_1, I_2, I_9, I_26, I_29, I_30, I_31, I_48, I_50, I_5, I_12, I_34, I_47

Cluster (1,3)
Prototypes: [I_45]
Number of elements: 3
Elements: I_45, I_6, I_24

Cluster (1,4)
Prototypes: [I_95]
Number of elements: 0
Elements

Cluster (1,5)
Prototypes: [I_105]
Number of elements: 11
Elements: I_135, I_109, I_101, I_130, I_145, I_103, I_105, I_125, I_129, I_110, I_113

Cluster (1,6)
Prototypes: [I_117]
Number of elements: 12
Elements: I_117, I_104, I_138, I_108, I_126, I_112, I_139, I_71, I_127, I_128, I_132, I_150

Cluster (1,7)
Prototypes: [I_144]
Number of elements: 12
Elements: I_116, I_118, I_121, I_133, I_136, I_137, I_140, I_141, I_144, I_149, I_106, I_119


Critério de adequação (energia): 0.94554417951
=====================================
	Confusion Matrix
Classes			 Clusters
---------------------------------------
	0,0	0,1	0,3	0,5	0,6	0,7	1,0	1,2	1,3	1,5	1,6	1,7	Total

1	0	 0	 24	 0	 0	 0	 0	 23	 3	 0	 0	 0	 50
3	0	 2	 0	 0	 1	 13	 0	 0	 0	 11	 11	 12	 50
2	17	 0	 0	 1	 17	 4	 10	 0	 0	 0	 1	 0	 50
Total	[17  2 24  1 18 17 10 23  3 11 12 12]

Matriz de pesos:
Cluster (0,0): 0.0415153720639 0.0259512250265 0.420410064183 0.512123338727
Cluster (0,1): 0.0263948003284 0.735185515292 0.0680111204405 0.170408563939
Cluster (0,2): 0.146809251192 0.0492269930405 0.338374352832 0.465589402935
Cluster (0,3): 0.0253152508628 0.00251184233614 0.851273714056 0.120899192745
Cluster (0,4): 0.0531205246199 0.00919803333958 0.747573373372 0.190108068669
Cluster (0,5): 0.0937370765648 0.117600339271 0.576768049144 0.21189453502
Cluster (0,6): 0.0119269641702 0.00905946016978 0.822540819908 0.156472755752
Cluster (0,7): 0.0226405415392 0.00583098306685 0.927647414261 0.0438810611327
Cluster (1,0): 0.0243877646256 0.0260367726453 0.130572127899 0.81900333483
Cluster (1,1): 0.248809878432 0.145101458703 0.258370351907 0.347718310958
Cluster (1,2): 0.00345725318229 0.00241671547581 0.0614786765967 0.932647354745
Cluster (1,3): 0.142959577546 0.0186548328641 0.38241639907 0.45596919052
Cluster (1,4): 0.192104227306 0.215454524148 0.335300501137 0.257140747409
Cluster (1,5): 0.0274763221236 0.0126415948296 0.939802604385 0.0200794786623
Cluster (1,6): 0.0205469273065 0.0605425323465 0.114312090886 0.804598449461
Cluster (1,7): 0.0439034749912 0.0407094298004 0.280788043878 0.63459905133

Corrected Rand index: 0.456320637759
F-measure(P,Q): 0.514723678903
OERC: 0.04

#####################################
Repetição do experimento: 1

----------Partition----------
Cluster (0,0)
Prototypes: [I_121]
Number of elements: 21
Elements: I_137, I_101, I_110, I_118, I_125, I_145, I_149, I_116, I_121, I_144, I_140, I_119, I_141, I_142, I_105, I_113, I_115, I_103, I_146, I_136, I_106

Cluster (0,1)
Prototypes: [I_67]
Number of elements: 0
Elements

Cluster (0,2)
Prototypes: [I_50]
Number of elements: 24
Elements: I_12, I_25, I_3, I_30, I_43, I_48, I_4, I_31, I_35, I_2, I_9, I_14, I_26, I_39, I_23, I_36, I_50, I_21, I_8, I_29, I_37, I_1, I_15, I_5

Cluster (0,3)
Prototypes: [I_20]
Number of elements: 7
Elements: I_42, I_7, I_46, I_41, I_45, I_18, I_19

Cluster (0,4)
Prototypes: [I_10]
Number of elements: 0
Elements

Cluster (0,5)
Prototypes: [I_67]
Number of elements: 14
Elements: I_107, I_85, I_67, I_86, I_56, I_91, I_74, I_79, I_52, I_57, I_55, I_59, I_69, I_88

Cluster (0,6)
Prototypes: [I_34]
Number of elements: 0
Elements

Cluster (0,7)
Prototypes: [I_28]
Number of elements: 18
Elements: I_6, I_11, I_17, I_20, I_47, I_49, I_33, I_34, I_22, I_16, I_28, I_38, I_44, I_32, I_40, I_27, I_10, I_13

Cluster (1,0)
Prototypes: [I_112]
Number of elements: 21
Elements: I_78, I_108, I_128, I_139, I_150, I_71, I_127, I_124, I_126, I_102, I_109, I_111, I_112, I_122, I_123, I_131, I_143, I_147, I_148, I_114, I_132

Cluster (1,1)
Prototypes: [I_96]
Number of elements: 0
Elements

Cluster (1,2)
Prototypes: [I_32]
Number of elements: 1
Elements: I_24

Cluster (1,3)
Prototypes: [I_72]
Number of elements: 0
Elements

Cluster (1,4)
Prototypes: [I_129]
Number of elements: 5
Elements: I_129, I_104, I_133, I_117, I_138

Cluster (1,5)
Prototypes: [I_64]
Number of elements: 17
Elements: I_73, I_135, I_120, I_64, I_98, I_62, I_75, I_92, I_134, I_66, I_76, I_77, I_51, I_87, I_53, I_84, I_130

Cluster (1,6)
Prototypes: [I_93]
Number of elements: 18
Elements: I_63, I_83, I_93, I_100, I_68, I_89, I_95, I_96, I_97, I_54, I_65, I_70, I_90, I_60, I_80, I_81, I_82, I_72

Cluster (1,7)
Prototypes: [I_94]
Number of elements: 4
Elements: I_58, I_61, I_94, I_99


Critério de adequação (energia): 1.45543304705
=====================================
	Confusion Matrix
Classes			 Clusters
---------------------------------------
	0,0	0,2	0,3	0,5	0,7	1,0	1,2	1,4	1,5	1,6	1,7	Total

1	0	 24	 7	 0	 18	 0	 1	 0	 0	 0	 0	 50
3	21	 0	 0	 1	 0	 19	 0	 5	 4	 0	 0	 50
2	0	 0	 0	 13	 0	 2	 0	 0	 13	 18	 4	 50
Total	[21 24  7 14 18 21  1  5 17 18  4]

Matriz de pesos:
Cluster (0,0): 0.051977583254 0.0566144525921 0.255984443982 0.635423520172
Cluster (0,1): 0.172491685468 0.51874229097 0.160928823155 0.147837200408
Cluster (0,2): 0.00329245172942 0.00226897598162 0.0575285438691 0.93691002842
Cluster (0,3): 0.0145705695315 0.000931665118041 0.181340142666 0.803157622684
Cluster (0,4): 0.264071650308 0.472927526758 0.140070023402 0.122930799533
Cluster (0,5): 0.00943881637133 0.0076231197462 0.917225052182 0.0657130117006
Cluster (0,6): 0.738562429306 0.0213775998424 0.111402791019 0.128657179833
Cluster (0,7): 0.0434994533754 0.00537219825574 0.868656953813 0.0824713945559
Cluster (1,0): 0.0233672231146 0.0210227273118 0.13425586405 0.821354185523
Cluster (1,1): 0.116608530852 0.361135293506 0.310469491271 0.21178668437
Cluster (1,2): 0.0190563722299 0.0285286166241 0.792444977121 0.159970034025
Cluster (1,3): 0.230803449447 0.268771677554 0.232939765139 0.267485107861
Cluster (1,4): 0.368192326252 0.125204168482 0.460009224143 0.0465942811232
Cluster (1,5): 0.03634156696 0.025584412624 0.229451040775 0.708622979641
Cluster (1,6): 0.0935373965004 0.02925923886 0.592651634707 0.284551729933
Cluster (1,7): 0.389435299851 0.0211178148695 0.2488816338 0.34056525148

Corrected Rand index: 0.470754888743
F-measure(P,Q): 0.589869903043
OERC: 0.0466666666667

#####################################
Repetição do experimento: 2

----------Partition----------
Cluster (0,0)
Prototypes: [I_98]
Number of elements: 18
Elements: I_51, I_59, I_66, I_76, I_88, I_75, I_98, I_97, I_95, I_60, I_72, I_89, I_100, I_54, I_77, I_90, I_65, I_96

Cluster (0,1)
Prototypes: [I_73]
Number of elements: 15
Elements: I_73, I_134, I_57, I_120, I_135, I_53, I_87, I_55, I_86, I_52, I_69, I_79, I_62, I_67, I_85

Cluster (0,2)
Prototypes: [I_117]
Number of elements: 12
Elements: I_124, I_127, I_138, I_150, I_71, I_104, I_117, I_128, I_139, I_109, I_108, I_126

Cluster (0,3)
Prototypes: [I_107]
Number of elements: 1
Elements: I_107

Cluster (0,4)
Prototypes: [I_126]
Number of elements: 2
Elements: I_131, I_130

Cluster (0,5)
Prototypes: [I_74]
Number of elements: 0
Elements

Cluster (0,6)
Prototypes: [I_42]
Number of elements: 1
Elements: I_17

Cluster (0,7)
Prototypes: [I_50]
Number of elements: 38
Elements: I_1, I_2, I_3, I_4, I_5, I_7, I_8, I_9, I_10, I_11, I_12, I_13, I_14, I_18, I_20, I_23, I_26, I_28, I_29, I_30, I_31, I_33, I_35, I_36, I_37, I_38, I_39, I_40, I_41, I_42, I_43, I_46, I_47, I_48, I_49, I_50, I_15, I_34

Cluster (1,0)
Prototypes: [I_81]
Number of elements: 12
Elements: I_83, I_68, I_93, I_63, I_61, I_70, I_81, I_82, I_80, I_94, I_58, I_99

Cluster (1,1)
Prototypes: [I_56]
Number of elements: 5
Elements: I_56, I_74, I_91, I_64, I_92

Cluster (1,2)
Prototypes: [I_143]
Number of elements: 11
Elements: I_114, I_122, I_102, I_111, I_115, I_143, I_147, I_78, I_84, I_112, I_148

Cluster (1,3)
Prototypes: [I_103]
Number of elements: 8
Elements: I_140, I_113, I_129, I_125, I_103, I_132, I_106, I_123

Cluster (1,4)
Prototypes: [I_144]
Number of elements: 11
Elements: I_121, I_144, I_149, I_105, I_116, I_136, I_118, I_119, I_133, I_142, I_146

Cluster (1,5)
Prototypes: [I_145]
Number of elements: 5
Elements: I_101, I_145, I_110, I_141, I_137

Cluster (1,6)
Prototypes: [I_87]
Number of elements: 0
Elements

Cluster (1,7)
Prototypes: [I_6]
Number of elements: 11
Elements: I_24, I_44, I_27, I_32, I_22, I_6, I_19, I_21, I_45, I_16, I_25


Critério de adequação (energia): 0.71748462555
=====================================
	Confusion Matrix
Classes			 Clusters
---------------------------------------
	0,0	0,1	0,2	0,3	0,4	0,6	0,7	1,0	1,1	1,2	1,3	1,4	1,5	1,7	Total

1	0	 0	 0	 0	 0	 1	 38	 0	 0	 0	 0	 0	 0	 11	 50
3	0	 3	 11	 1	 2	 0	 0	 0	 0	 9	 8	 11	 5	 0	 50
2	18	 12	 1	 0	 0	 0	 0	 12	 5	 2	 0	 0	 0	 0	 50
Total	[18 15 12  1  2  1 38 12  5 11  8 11  5 11]

Matriz de pesos:
Cluster (0,0): 0.0136512901498 0.0159338217152 0.22394391575 0.746470972385
Cluster (0,1): 0.0166909645645 0.00280314719082 0.0816100273921 0.898895860853
Cluster (0,2): 0.00433643881496 0.00605648123361 0.0145832144839 0.975023865468
Cluster (0,3): 0.0146689516679 0.050263520865 0.15830611645 0.776761411017
Cluster (0,4): 0.139074473804 0.0141569996727 0.693930845781 0.152837680742
Cluster (0,5): 0.213390055375 0.179773300703 0.503623397963 0.103213245959
Cluster (0,6): 0.019108133202 0.00129807528366 0.60933423581 0.370259555705
Cluster (0,7): 0.0209874743753 0.0044024969337 0.503563715087 0.471046313604
Cluster (1,0): 0.0601429745632 0.0363542156782 0.281913275362 0.621589534397
Cluster (1,1): 0.0939257669214 0.0676477700279 0.516628362911 0.32179810014
Cluster (1,2): 0.00817587744736 0.0132338281487 0.936138983436 0.0424513109677
Cluster (1,3): 0.0126920903547 0.00901430626653 0.0616620125791 0.9166315908
Cluster (1,4): 0.0115618833625 0.0103549751941 0.0693580823614 0.908725059082
Cluster (1,5): 0.0294441308267 0.0331330525526 0.277070235355 0.660352581266
Cluster (1,6): 0.196322161654 0.387943764554 0.200418927515 0.215315146277
Cluster (1,7): 0.0354774904099 0.00518503372032 0.753210168082 0.206127307788

Corrected Rand index: 0.498594923778
F-measure(P,Q): 0.584567955349
OERC: 0.04

#####################################
Repetição do experimento: 3

----------Partition----------
Cluster (0,0)
Prototypes: [I_8]
Number of elements: 28
Elements: I_16, I_33, I_34, I_42, I_28, I_37, I_44, I_1, I_21, I_32, I_8, I_27, I_29, I_40, I_12, I_24, I_50, I_3, I_30, I_48, I_43, I_9, I_38, I_11, I_22, I_49, I_5, I_47

Cluster (0,1)
Prototypes: [I_80]
Number of elements: 0
Elements

Cluster (0,2)
Prototypes: [I_82]
Number of elements: 10
Elements: I_80, I_99, I_58, I_61, I_68, I_70, I_81, I_82, I_94, I_63

Cluster (0,3)
Prototypes: [I_95]
Number of elements: 17
Elements: I_72, I_100, I_83, I_95, I_88, I_91, I_93, I_54, I_90, I_60, I_97, I_56, I_98, I_74, I_75, I_65, I_59

Cluster (0,4)
Prototypes: [I_120]
Number of elements: 4
Elements: I_134, I_73, I_84, I_120

Cluster (0,5)
Prototypes: [I_129]
Number of elements: 7
Elements: I_104, I_129, I_133, I_125, I_145, I_137, I_135

Cluster (0,6)
Prototypes: [I_117]
Number of elements: 1
Elements: I_117

Cluster (0,7)
Prototypes: [I_62]
Number of elements: 25
Elements: I_2, I_13, I_14, I_26, I_39, I_46, I_62, I_67, I_85, I_89, I_92, I_96, I_128, I_139, I_150, I_105, I_146, I_148, I_76, I_78, I_103, I_113, I_106, I_136, I_130

Cluster (1,0)
Prototypes: [I_20]
Number of elements: 12
Elements: I_23, I_20, I_45, I_17, I_19, I_6, I_15, I_41, I_25, I_18, I_7, I_36

Cluster (1,1)
Prototypes: [I_132]
Number of elements: 2
Elements: I_118, I_132

Cluster (1,2)
Prototypes: [I_65]
Number of elements: 0
Elements

Cluster (1,3)
Prototypes: [I_55]
Number of elements: 10
Elements: I_107, I_51, I_52, I_55, I_69, I_77, I_79, I_86, I_57, I_64

Cluster (1,4)
Prototypes: [I_112]
Number of elements: 15
Elements: I_102, I_109, I_112, I_114, I_122, I_124, I_143, I_147, I_71, I_127, I_111, I_126, I_131, I_123, I_108

Cluster (1,5)
Prototypes: [I_144]
Number of elements: 8
Elements: I_149, I_119, I_101, I_110, I_116, I_121, I_144, I_115

Cluster (1,6)
Prototypes: [I_87]
Number of elements: 0
Elements

Cluster (1,7)
Prototypes: [I_66]
Number of elements: 11
Elements: I_53, I_140, I_87, I_138, I_141, I_142, I_66, I_4, I_10, I_31, I_35


Critério de adequação (energia): 0.826963143481
=====================================
	Confusion Matrix
Classes			 Clusters
---------------------------------------
	0,0	0,2	0,3	0,4	0,5	0,6	0,7	1,0	1,1	1,3	1,4	1,5	1,7	Total

1	28	 0	 0	 0	 0	 0	 6	 12	 0	 0	 0	 0	 4	 50
3	0	 0	 0	 2	 7	 1	 11	 0	 2	 1	 14	 8	 4	 50
2	0	 10	 17	 2	 0	 0	 8	 0	 0	 9	 1	 0	 3	 50
Total	[28 10 17  4  7  1 25 12  2 10 15  8 11]

Matriz de pesos:
Cluster (0,0): 0.0259592467332 0.00540216050659 0.810116850657 0.158521742103
Cluster (0,1): 0.35802682133 0.0691796282352 0.242710106367 0.330083444067
Cluster (0,2): 0.0241382988529 0.0260463977518 0.129014242205 0.82080106119
Cluster (0,3): 0.0156153427971 0.0229102360589 0.175151611292 0.786322809852
Cluster (0,4): 0.0633406576451 0.00563811597336 0.55826840407 0.372752822312
Cluster (0,5): 0.0273506405295 0.00256510274604 0.961629292519 0.00845496420509
Cluster (0,6): 0.0595524604906 0.798874625448 0.0669220649978 0.074650849064
Cluster (0,7): 6.86475562371e-05 0.99974388086 9.57164904745e-05 9.17550934565e-05
Cluster (1,0): 0.0351036574204 0.029034074632 0.266589103612 0.669273164335
Cluster (1,1): 0.0232479730705 0.893859620536 0.0324361069329 0.0504562994609
Cluster (1,2): 0.0946319966085 0.0541631813446 0.322604343807 0.52860047824
Cluster (1,3): 0.00866251029664 0.00646157452709 0.717824945365 0.267050969812
Cluster (1,4): 0.0150768567637 0.0167364075887 0.0884038103524 0.879782925295
Cluster (1,5): 0.0296655673025 0.0269231378696 0.160502666908 0.78290862792
Cluster (1,6): 0.132819512079 0.54674682525 0.187334034204 0.133099628467
Cluster (1,7): 0.000233220856234 0.999009461932 0.000414921449965 0.0003423957621

Corrected Rand index: 0.377288600813
F-measure(P,Q): 0.552060211762
OERC: 0.166666666667

#####################################
Repetição do experimento: 4

----------Partition----------
Cluster (0,0)
Prototypes: [I_20]
Number of elements: 25
Elements: I_6, I_11, I_17, I_18, I_19, I_20, I_22, I_28, I_32, I_33, I_34, I_38, I_40, I_41, I_45, I_47, I_49, I_16, I_42, I_24, I_27, I_44, I_7, I_10, I_46

Cluster (0,1)
Prototypes: [I_48]
Number of elements: 17
Elements: I_2, I_3, I_4, I_9, I_13, I_14, I_26, I_30, I_31, I_35, I_36, I_39, I_43, I_48, I_50, I_8, I_29

Cluster (0,2)
Prototypes: [I_142]
Number of elements: 1
Elements: I_87

Cluster (0,3)
Prototypes: [I_24]
Number of elements: 0
Elements

Cluster (0,4)
Prototypes: [I_120]
Number of elements: 0
Elements

Cluster (0,5)
Prototypes: [I_8]
Number of elements: 0
Elements

Cluster (0,6)
Prototypes: [I_79]
Number of elements: 21
Elements: I_57, I_86, I_51, I_52, I_66, I_67, I_85, I_55, I_59, I_76, I_79, I_92, I_56, I_69, I_107, I_64, I_75, I_88, I_98, I_74, I_91

Cluster (0,7)
Prototypes: [I_83]
Number of elements: 22
Elements: I_99, I_65, I_80, I_58, I_83, I_89, I_94, I_96, I_68, I_72, I_82, I_70, I_81, I_93, I_97, I_100, I_60, I_61, I_63, I_90, I_95, I_54

Cluster (1,0)
Prototypes: [I_62]
Number of elements: 1
Elements: I_62

Cluster (1,1)
Prototypes: [I_5]
Number of elements: 8
Elements: I_23, I_21, I_25, I_37, I_1, I_15, I_5, I_12

Cluster (1,2)
Prototypes: [I_71]
Number of elements: 0
Elements

Cluster (1,3)
Prototypes: [I_144]
Number of elements: 12
Elements: I_103, I_105, I_136, I_101, I_121, I_126, I_144, I_145, I_110, I_125, I_131, I_109

Cluster (1,4)
Prototypes: [I_106]
Number of elements: 6
Elements: I_108, I_123, I_106, I_119, I_118, I_132

Cluster (1,5)
Prototypes: [I_130]
Number of elements: 1
Elements: I_130

Cluster (1,6)
Prototypes: [I_147]
Number of elements: 23
Elements: I_71, I_114, I_122, I_124, I_127, I_128, I_139, I_53, I_73, I_77, I_78, I_84, I_102, I_120, I_143, I_147, I_150, I_115, I_142, I_134, I_111, I_146, I_148

Cluster (1,7)
Prototypes: [I_117]
Number of elements: 13
Elements: I_104, I_112, I_113, I_116, I_117, I_129, I_133, I_138, I_140, I_149, I_135, I_137, I_141


Critério de adequação (energia): 1.21559023998
=====================================
	Confusion Matrix
Classes			 Clusters
---------------------------------------
	0,0	0,1	0,2	0,6	0,7	1,0	1,1	1,3	1,4	1,5	1,6	1,7	Total

1	25	 17	 0	 0	 0	 0	 8	 0	 0	 0	 0	 0	 50
3	0	 0	 0	 1	 0	 0	 0	 12	 6	 1	 17	 13	 50
2	0	 0	 1	 20	 22	 1	 0	 0	 0	 0	 6	 0	 50
Total	[25 17  1 21 22  1  8 12  6  1 23 13]

Matriz de pesos:
Cluster (0,0): 0.0403122594049 0.00526965723398 0.760039542146 0.194378541215
Cluster (0,1): 0.017478978948 0.0155660485927 0.371058051706 0.595896920753
Cluster (0,2): 0.0170209136258 0.941627328824 0.0263832506755 0.0149685068751
Cluster (0,3): 0.0498511583905 0.854345951916 0.0458252060131 0.0499776836808
Cluster (0,4): 0.0760823164032 0.0516424199714 0.365804061015 0.50647120261
Cluster (0,5): 0.228489169369 0.368244200381 0.190918723035 0.212347907215
Cluster (0,6): 0.0144157663703 0.012317947219 0.775759122638 0.197507163772
Cluster (0,7): 0.0705947457822 0.0418532110765 0.422095031405 0.465457011736
Cluster (1,0): 0.478291813184 0.164927069837 0.185786481462 0.170994635516
Cluster (1,1): 0.000152434318358 0.000194051910937 0.00159077551037 0.99806273826
Cluster (1,2): 0.164333571305 0.53820207397 0.159718357266 0.137745997459
Cluster (1,3): 0.0274463937932 0.0316948413589 0.867480299223 0.0733784656251
Cluster (1,4): 0.158924313054 0.00697381248153 0.641586802416 0.192515072049
Cluster (1,5): 0.0644094728334 0.138468587542 0.404578456611 0.392543483013
Cluster (1,6): 0.0248498951431 0.00683019932031 0.932412335425 0.0359075701116
Cluster (1,7): 0.140735164649 0.0335206411665 0.778173347098 0.0475708470869

Corrected Rand index: 0.478766006954
F-measure(P,Q): 0.581177067478
OERC: 0.0466666666667

#####################################
Repetição do experimento: 5

----------Partition----------
Cluster (0,0)
Prototypes: [I_50]
Number of elements: 31
Elements: I_14, I_1, I_2, I_3, I_4, I_5, I_8, I_9, I_11, I_12, I_15, I_21, I_23, I_25, I_26, I_28, I_29, I_30, I_31, I_35, I_36, I_37, I_39, I_40, I_42, I_43, I_47, I_48, I_49, I_50, I_34

Cluster (0,1)
Prototypes: [I_5]
Number of elements: 3
Elements: I_10, I_33, I_38

Cluster (0,2)
Prototypes: [I_43]
Number of elements: 4
Elements: I_7, I_13, I_41, I_46

Cluster (0,3)
Prototypes: [I_54]
Number of elements: 0
Elements

Cluster (0,4)
Prototypes: [I_128]
Number of elements: 12
Elements: I_71, I_122, I_127, I_128, I_139, I_114, I_124, I_73, I_147, I_53, I_78, I_120

Cluster (0,5)
Prototypes: [I_148]
Number of elements: 14
Elements: I_115, I_102, I_143, I_150, I_111, I_148, I_112, I_142, I_146, I_116, I_149, I_140, I_84, I_134

Cluster (0,6)
Prototypes: [I_79]
Number of elements: 17
Elements: I_86, I_79, I_69, I_67, I_74, I_52, I_55, I_56, I_85, I_88, I_98, I_57, I_59, I_75, I_87, I_91, I_107

Cluster (0,7)
Prototypes: [I_83]
Number of elements: 18
Elements: I_58, I_54, I_61, I_63, I_65, I_70, I_81, I_83, I_89, I_90, I_93, I_94, I_95, I_96, I_72, I_97, I_100, I_99

Cluster (1,0)
Prototypes: [I_32]
Number of elements: 7
Elements: I_6, I_32, I_16, I_17, I_19, I_22, I_27

Cluster (1,1)
Prototypes: [I_80]
Number of elements: 3
Elements: I_80, I_68, I_82

Cluster (1,2)
Prototypes: [I_24]
Number of elements: 5
Elements: I_24, I_44, I_45, I_20, I_18

Cluster (1,3)
Prototypes: [I_41]
Number of elements: 0
Elements

Cluster (1,4)
Prototypes: [I_119]
Number of elements: 3
Elements: I_119, I_106, I_123

Cluster (1,5)
Prototypes: [I_103]
Number of elements: 19
Elements: I_121, I_133, I_137, I_141, I_145, I_101, I_105, I_110, I_125, I_129, I_136, I_144, I_103, I_109, I_118, I_126, I_131, I_132, I_108

Cluster (1,6)
Prototypes: [I_117]
Number of elements: 5
Elements: I_117, I_138, I_104, I_130, I_113

Cluster (1,7)
Prototypes: [I_92]
Number of elements: 9
Elements: I_77, I_135, I_51, I_64, I_92, I_66, I_76, I_62, I_60


Critério de adequação (energia): 1.28433644303
=====================================
	Confusion Matrix
Classes			 Clusters
---------------------------------------
	0,0	0,1	0,2	0,4	0,5	0,6	0,7	1,0	1,1	1,2	1,4	1,5	1,6	1,7	Total

1	31	 3	 4	 0	 0	 0	 0	 7	 0	 5	 0	 0	 0	 0	 50
3	0	 0	 0	 8	 13	 1	 0	 0	 0	 0	 3	 19	 5	 1	 50
2	0	 0	 0	 4	 1	 16	 18	 0	 3	 0	 0	 0	 0	 8	 50
Total	[31  3  4 12 14 17 18  7  3  5  3 19  5  9]

Matriz de pesos:
Cluster (0,0): 0.0166315865711 0.0042909580671 0.339458264957 0.639619190405
Cluster (0,1): 0.0892445272208 0.0150835317292 0.378876723657 0.516795217393
Cluster (0,2): 0.0520606349769 0.0324719845083 0.6483677358 0.267099644715
Cluster (0,3): 0.129694303485 0.0623901966485 0.485497643381 0.322417856486
Cluster (0,4): 0.0183336336212 0.00901296283149 0.869088286241 0.103565117307
Cluster (0,5): 0.0204898984791 0.0210748678529 0.913900242363 0.0445349913046
Cluster (0,6): 0.028116241629 0.00776696198014 0.845889147729 0.118227648662
Cluster (0,7): 0.0642307044977 0.0344191022803 0.38411617957 0.517234013652
Cluster (1,0): 0.0260470618828 0.00197086183408 0.378067535541 0.593914540742
Cluster (1,1): 0.512397087045 0.0269468289132 0.158501276534 0.302154807508
Cluster (1,2): 0.599656700399 0.00351664352305 0.302146953472 0.0946797026067
Cluster (1,3): 0.183853636447 0.357408788357 0.188600454634 0.270137120562
Cluster (1,4): 0.0795384875364 0.119994110015 0.24103328475 0.559434117698
Cluster (1,5): 0.0700953837935 0.0421174040751 0.595864057091 0.291923155041
Cluster (1,6): 0.039107614052 0.177546192794 0.493354211661 0.289991981493
Cluster (1,7): 0.0123609927974 0.0277508394099 0.0902862677058 0.869601900087

Corrected Rand index: 0.45576405498
F-measure(P,Q): 0.615189500384
OERC: 0.0466666666667

#####################################
Repetição do experimento: 6

----------Partition----------
Cluster (0,0)
Prototypes: [I_105]
Number of elements: 12
Elements: I_103, I_106, I_118, I_119, I_132, I_136, I_140, I_144, I_105, I_113, I_133, I_149

Cluster (0,1)
Prototypes: [I_125]
Number of elements: 14
Elements: I_138, I_104, I_117, I_130, I_135, I_109, I_137, I_145, I_101, I_129, I_141, I_110, I_121, I_125

Cluster (0,2)
Prototypes: [I_148]
Number of elements: 13
Elements: I_111, I_142, I_148, I_115, I_134, I_146, I_84, I_102, I_112, I_116, I_120, I_143, I_150

Cluster (0,3)
Prototypes: [I_8]
Number of elements: 0
Elements

Cluster (0,4)
Prototypes: [I_125]
Number of elements: 0
Elements

Cluster (0,5)
Prototypes: [I_70]
Number of elements: 0
Elements

Cluster (0,6)
Prototypes: [I_44]
Number of elements: 5
Elements: I_44, I_6, I_24, I_27, I_45

Cluster (0,7)
Prototypes: [I_50]
Number of elements: 30
Elements: I_1, I_5, I_8, I_11, I_15, I_23, I_28, I_29, I_34, I_37, I_40, I_49, I_2, I_3, I_4, I_35, I_36, I_43, I_48, I_50, I_39, I_14, I_9, I_25, I_12, I_21, I_26, I_30, I_31, I_47

Cluster (1,0)
Prototypes: [I_124]
Number of elements: 9
Elements: I_71, I_139, I_128, I_78, I_122, I_124, I_127, I_114, I_147

Cluster (1,1)
Prototypes: [I_28]
Number of elements: 0
Elements

Cluster (1,2)
Prototypes: [I_100]
Number of elements: 14
Elements: I_89, I_96, I_97, I_62, I_95, I_100, I_60, I_72, I_91, I_54, I_90, I_98, I_75, I_93

Cluster (1,3)
Prototypes: [I_81]
Number of elements: 12
Elements: I_65, I_80, I_58, I_61, I_70, I_81, I_82, I_94, I_99, I_63, I_68, I_83

Cluster (1,4)
Prototypes: [I_92]
Number of elements: 22
Elements: I_56, I_74, I_59, I_67, I_76, I_79, I_85, I_55, I_64, I_66, I_92, I_51, I_52, I_77, I_87, I_53, I_57, I_69, I_73, I_88, I_86, I_107

Cluster (1,5)
Prototypes: [I_108]
Number of elements: 4
Elements: I_108, I_131, I_123, I_126

Cluster (1,6)
Prototypes: [I_11]
Number of elements: 0
Elements

Cluster (1,7)
Prototypes: [I_20]
Number of elements: 15
Elements: I_19, I_22, I_32, I_46, I_16, I_20, I_17, I_18, I_7, I_10, I_33, I_13, I_38, I_41, I_42


Critério de adequação (energia): 1.17773134892
=====================================
	Confusion Matrix
Classes			 Clusters
---------------------------------------
	0,0	0,1	0,2	0,6	0,7	1,0	1,2	1,3	1,4	1,5	1,7	Total

1	0	 0	 0	 5	 30	 0	 0	 0	 0	 0	 15	 50
3	12	 14	 12	 0	 0	 7	 0	 0	 1	 4	 0	 50
2	0	 0	 1	 0	 0	 2	 14	 12	 21	 0	 0	 50
Total	[12 14 13  5 30  9 14 12 22  4 15]

Matriz de pesos:
Cluster (0,0): 0.0238279313379 0.0306535189658 0.23571995417 0.709798595526
Cluster (0,1): 0.0452042929889 0.0109673520592 0.907919278885 0.0359090760672
Cluster (0,2): 0.0294531850852 0.0457482914908 0.893967840307 0.0308306831168
Cluster (0,3): 0.407185296114 0.161556703998 0.237613433145 0.193644566743
Cluster (0,4): 0.304441485616 0.105361080527 0.392406035978 0.197791397879
Cluster (0,5): 0.120854096491 0.173521343126 0.225062246007 0.480562314376
Cluster (0,6): 0.0865678380037 0.0295165682187 0.82311532414 0.060800269638
Cluster (0,7): 0.00340659878903 0.00130562863568 0.0634796824064 0.931808090169
Cluster (1,0): 0.0200891623238 0.0297075588602 0.588069904414 0.362133374402
Cluster (1,1): 0.43456289452 0.24659221782 0.164533723998 0.154311163663
Cluster (1,2): 0.0312636170763 0.0198678116816 0.586240971484 0.362627599758
Cluster (1,3): 0.0618015506055 0.0370147971251 0.280022409656 0.621161242613
Cluster (1,4): 0.0217339845564 0.0105672821156 0.64582282163 0.321875911698
Cluster (1,5): 0.113972350077 0.18847555736 0.203973408879 0.493578683683
Cluster (1,6): 0.233616903663 0.122657304544 0.271970980697 0.371754811096
Cluster (1,7): 0.0389418030304 0.00378041068603 0.725850874467 0.231426911817

Corrected Rand index: 0.477709592336
F-measure(P,Q): 0.590277777778
OERC: 0.0266666666667

#####################################
Repetição do experimento: 7

----------Partition----------
Cluster (0,0)
Prototypes: [I_121]
Number of elements: 23
Elements: I_106, I_121, I_136, I_140, I_141, I_142, I_144, I_146, I_105, I_116, I_145, I_101, I_103, I_113, I_115, I_137, I_110, I_119, I_125, I_149, I_133, I_129, I_118

Cluster (0,1)
Prototypes: [I_31]
Number of elements: 0
Elements

Cluster (0,2)
Prototypes: [I_3]
Number of elements: 0
Elements

Cluster (0,3)
Prototypes: [I_100]
Number of elements: 13
Elements: I_65, I_97, I_75, I_89, I_95, I_98, I_100, I_54, I_56, I_72, I_90, I_59, I_88

Cluster (0,4)
Prototypes: [I_81]
Number of elements: 10
Elements: I_58, I_99, I_94, I_61, I_70, I_80, I_81, I_83, I_82, I_91

Cluster (0,5)
Prototypes: [I_60]
Number of elements: 1
Elements: I_60

Cluster (0,6)
Prototypes: [I_13]
Number of elements: 5
Elements: I_13, I_14, I_38, I_10, I_33

Cluster (0,7)
Prototypes: [I_50]
Number of elements: 29
Elements: I_2, I_12, I_23, I_25, I_35, I_36, I_50, I_31, I_3, I_30, I_48, I_4, I_8, I_9, I_39, I_43, I_5, I_1, I_29, I_37, I_15, I_40, I_26, I_34, I_11, I_21, I_28, I_49, I_47

Cluster (1,0)
Prototypes: [I_112]
Number of elements: 23
Elements: I_109, I_112, I_122, I_124, I_127, I_104, I_132, I_102, I_143, I_147, I_114, I_131, I_150, I_71, I_128, I_111, I_108, I_117, I_126, I_138, I_148, I_139, I_123

Cluster (1,1)
Prototypes: [I_143]
Number of elements: 0
Elements

Cluster (1,2)
Prototypes: [I_40]
Number of elements: 0
Elements

Cluster (1,3)
Prototypes: [I_134]
Number of elements: 8
Elements: I_84, I_120, I_130, I_134, I_53, I_62, I_73, I_135

Cluster (1,4)
Prototypes: [I_55]
Number of elements: 18
Elements: I_69, I_74, I_64, I_79, I_55, I_66, I_76, I_86, I_92, I_51, I_52, I_77, I_87, I_57, I_67, I_85, I_107, I_78

Cluster (1,5)
Prototypes: [I_68]
Number of elements: 4
Elements: I_63, I_68, I_96, I_93

Cluster (1,6)
Prototypes: [I_45]
Number of elements: 1
Elements: I_45

Cluster (1,7)
Prototypes: [I_22]
Number of elements: 15
Elements: I_6, I_16, I_17, I_19, I_32, I_18, I_20, I_22, I_24, I_27, I_44, I_41, I_46, I_7, I_42


Critério de adequação (energia): 1.21698209614
=====================================
	Confusion Matrix
Classes			 Clusters
---------------------------------------
	0,0	0,3	0,4	0,5	0,6	0,7	1,0	1,3	1,4	1,5	1,6	1,7	Total

1	0	 0	 0	 0	 5	 29	 0	 0	 0	 0	 1	 15	 50
3	23	 0	 0	 0	 0	 0	 22	 4	 1	 0	 0	 0	 50
2	0	 13	 10	 1	 0	 0	 1	 4	 17	 4	 0	 0	 50
Total	[23 13 10  1  5 29 23  8 18  4  1 15]

Matriz de pesos:
Cluster (0,0): 0.0522902471529 0.0507296715576 0.279583364217 0.617396717073
Cluster (0,1): 0.0515144070827 0.848957512918 0.0566462854294 0.0428817945703
Cluster (0,2): 0.239123779344 0.380124591837 0.17059581577 0.21015581305
Cluster (0,3): 0.00416513515665 0.00274430605135 0.0332173009119 0.95987325788
Cluster (0,4): 0.0515190521441 0.0479427582449 0.213005476884 0.687532712727
Cluster (0,5): 0.36356665813 0.167441897458 0.28683169082 0.182159753592
Cluster (0,6): 0.0243782133486 0.00480947468107 0.258911944914 0.711900367056
Cluster (0,7): 0.00642280415591 0.00182922888144 0.114962691145 0.876785275818
Cluster (1,0): 0.020942780547 0.0190085929493 0.119279541815 0.840769084689
Cluster (1,1): 0.0105066088752 0.019670525332 0.0997761606636 0.870046705129
Cluster (1,2): 0.296926778138 0.274494963896 0.178545917102 0.250032340863
Cluster (1,3): 0.021703719167 0.0141365240831 0.0915000864842 0.872659670266
Cluster (1,4): 0.0128984289213 0.0125376319807 0.789840689266 0.184723249832
Cluster (1,5): 0.110790066626 0.0077085372036 0.743483327427 0.138018068744
Cluster (1,6): 0.241650249437 0.0279501958465 0.246841318946 0.48355823577
Cluster (1,7): 0.0252496365245 0.00338294579191 0.675554198469 0.295813219215

Corrected Rand index: 0.511572209215
F-measure(P,Q): 0.621438067164
OERC: 0.04

#####################################
Repetição do experimento: 8

----------Partition----------
Cluster (0,0)
Prototypes: [I_87]
Number of elements: 24
Elements: I_69, I_86, I_73, I_59, I_79, I_92, I_52, I_64, I_55, I_77, I_51, I_87, I_57, I_53, I_71, I_139, I_67, I_107, I_127, I_85, I_74, I_128, I_124, I_122

Cluster (0,1)
Prototypes: [I_97]
Number of elements: 20
Elements: I_54, I_56, I_60, I_89, I_90, I_91, I_95, I_96, I_97, I_100, I_62, I_65, I_72, I_75, I_83, I_88, I_93, I_98, I_76, I_66

Cluster (0,2)
Prototypes: [I_82]
Number of elements: 10
Elements: I_80, I_68, I_82, I_63, I_94, I_99, I_58, I_61, I_70, I_81

Cluster (0,3)
Prototypes: [I_101]
Number of elements: 0
Elements

Cluster (0,4)
Prototypes: [I_29]
Number of elements: 0
Elements

Cluster (0,5)
Prototypes: [I_71]
Number of elements: 0
Elements

Cluster (0,6)
Prototypes: [I_50]
Number of elements: 17
Elements: I_32, I_29, I_7, I_18, I_44, I_50, I_1, I_10, I_41, I_48, I_13, I_46, I_2, I_37, I_9, I_38, I_5

Cluster (0,7)
Prototypes: [I_20]
Number of elements: 17
Elements: I_6, I_11, I_15, I_16, I_17, I_19, I_20, I_22, I_33, I_34, I_45, I_47, I_49, I_42, I_24, I_27, I_28

Cluster (1,0)
Prototypes: [I_103]
Number of elements: 23
Elements: I_101, I_103, I_105, I_106, I_108, I_110, I_113, I_118, I_119, I_121, I_123, I_125, I_126, I_129, I_131, I_132, I_133, I_136, I_141, I_144, I_145, I_109, I_130

Cluster (1,1)
Prototypes: [I_148]
Number of elements: 19
Elements: I_114, I_102, I_112, I_135, I_143, I_147, I_150, I_78, I_84, I_111, I_115, I_148, I_116, I_134, I_142, I_146, I_140, I_149, I_120

Cluster (1,2)
Prototypes: [I_116]
Number of elements: 1
Elements: I_137

Cluster (1,3)
Prototypes: [I_26]
Number of elements: 0
Elements

Cluster (1,4)
Prototypes: [I_141]
Number of elements: 0
Elements

Cluster (1,5)
Prototypes: [I_48]
Number of elements: 16
Elements: I_25, I_30, I_31, I_3, I_4, I_21, I_23, I_26, I_35, I_36, I_39, I_43, I_12, I_14, I_8, I_40

Cluster (1,6)
Prototypes: [I_57]
Number of elements: 0
Elements

Cluster (1,7)
Prototypes: [I_138]
Number of elements: 3
Elements: I_138, I_104, I_117


Critério de adequação (energia): 1.71321126334
=====================================
	Confusion Matrix
Classes			 Clusters
---------------------------------------
	0,0	0,1	0,2	0,6	0,7	1,0	1,1	1,2	1,5	1,7	Total

1	0	 0	 0	 17	 17	 0	 0	 0	 16	 0	 50
3	6	 0	 0	 0	 0	 23	 17	 1	 0	 3	 50
2	18	 20	 10	 0	 0	 0	 2	 0	 0	 0	 50
Total	[24 20 10 17 17 23 19  1 16  3]

Matriz de pesos:
Cluster (0,0): 0.0123988862203 0.0124281873718 0.809041042192 0.166131884216
Cluster (0,1): 0.0280622474136 0.0215381878837 0.41432126285 0.536078301853
Cluster (0,2): 0.0254176105056 0.0270906875389 0.136348634209 0.811143067746
Cluster (0,3): 0.418981304409 0.127795725835 0.301819667004 0.151403302751
Cluster (0,4): 0.00279200629692 0.00327892861081 0.060238614342 0.93369045075
Cluster (0,5): 0.1245748823 0.77242532392 0.0558768559921 0.0471229377878
Cluster (0,6): 0.0171020883641 0.00646567582373 0.90612114445 0.0703110913622
Cluster (0,7): 0.0366965899115 0.00627373791642 0.635622208318 0.321407463854
Cluster (1,0): 0.0796367054209 0.0536643497491 0.574219441369 0.292479503461
Cluster (1,1): 0.0345808859701 0.029744526733 0.853505888993 0.0821686983037
Cluster (1,2): 0.238414546185 0.0988069791546 0.515827607716 0.146950866944
Cluster (1,3): 0.523824955479 0.11109185065 0.172264500945 0.192818692927
Cluster (1,4): 0.0350105259364 0.905491241654 0.0357739351752 0.0237242972341
Cluster (1,5): 0.00805781211601 0.00710948291909 0.0591634434034 0.925669261561
Cluster (1,6): 0.0642569840903 0.819302012685 0.0570561445823 0.0593848586423
Cluster (1,7): 0.395000860188 0.246968918906 0.154677132633 0.203353088274

Corrected Rand index: 0.474725255942
F-measure(P,Q): 0.569676081432
OERC: 0.0533333333333

#####################################
Repetição do experimento: 9

----------Partition----------
Cluster (0,0)
Prototypes: [I_8]
Number of elements: 41
Elements: I_42, I_9, I_16, I_33, I_34, I_6, I_14, I_15, I_20, I_39, I_47, I_7, I_38, I_43, I_1, I_2, I_3, I_4, I_5, I_11, I_12, I_13, I_18, I_19, I_30, I_31, I_46, I_48, I_49, I_8, I_10, I_26, I_27, I_28, I_35, I_40, I_50, I_29, I_37, I_21, I_32

Cluster (0,1)
Prototypes: [I_11]
Number of elements: 0
Elements

Cluster (0,2)
Prototypes: [I_2]
Number of elements: 1
Elements: I_25

Cluster (0,3)
Prototypes: [I_114]
Number of elements: 1
Elements: I_122

Cluster (0,4)
Prototypes: [I_143]
Number of elements: 7
Elements: I_115, I_102, I_143, I_114, I_150, I_116, I_134

Cluster (0,5)
Prototypes: [I_100]
Number of elements: 11
Elements: I_68, I_62, I_95, I_97, I_100, I_89, I_96, I_63, I_54, I_60, I_90

Cluster (0,6)
Prototypes: [I_83]
Number of elements: 14
Elements: I_72, I_75, I_83, I_93, I_98, I_99, I_58, I_70, I_81, I_94, I_61, I_91, I_65, I_82

Cluster (0,7)
Prototypes: [I_55]
Number of elements: 20
Elements: I_55, I_64, I_67, I_79, I_85, I_107, I_66, I_76, I_92, I_73, I_51, I_52, I_57, I_69, I_87, I_53, I_77, I_59, I_86, I_88

Cluster (1,0)
Prototypes: [I_41]
Number of elements: 4
Elements: I_23, I_36, I_41, I_17

Cluster (1,1)
Prototypes: [I_139]
Number of elements: 0
Elements

Cluster (1,2)
Prototypes: [I_45]
Number of elements: 4
Elements: I_45, I_22, I_24, I_44

Cluster (1,3)
Prototypes: [I_43]
Number of elements: 0
Elements

Cluster (1,4)
Prototypes: [I_56]
Number of elements: 2
Elements: I_80, I_56

Cluster (1,5)
Prototypes: [I_84]
Number of elements: 8
Elements: I_71, I_139, I_84, I_128, I_120, I_74, I_135, I_149

Cluster (1,6)
Prototypes: [I_112]
Number of elements: 11
Elements: I_78, I_124, I_127, I_147, I_112, I_104, I_111, I_117, I_138, I_148, I_109

Cluster (1,7)
Prototypes: [I_103]
Number of elements: 26
Elements: I_118, I_132, I_137, I_110, I_125, I_101, I_145, I_121, I_140, I_142, I_144, I_113, I_126, I_141, I_146, I_105, I_103, I_129, I_130, I_133, I_106, I_131, I_136, I_108, I_119, I_123


Critério de adequação (energia): 1.89954859942
=====================================
	Confusion Matrix
Classes			 Clusters
---------------------------------------
	0,0	0,2	0,3	0,4	0,5	0,6	0,7	1,0	1,2	1,4	1,5	1,6	1,7	Total

1	41	 1	 0	 0	 0	 0	 0	 4	 4	 0	 0	 0	 0	 50
3	0	 0	 1	 7	 0	 0	 1	 0	 0	 0	 5	 10	 26	 50
2	0	 0	 0	 0	 11	 14	 19	 0	 0	 2	 3	 1	 0	 50
Total	[41  1  1  7 11 14 20  4  4  2  8 11 26]

Matriz de pesos:
Cluster (0,0): 0.0253782372414 0.00614567829695 0.680349658966 0.288126425496
Cluster (0,1): 0.0120776462271 0.00409985329997 0.69107562786 0.292746872613
Cluster (0,2): 0.38640061134 0.00673712236644 0.280358961913 0.32650330438
Cluster (0,3): 0.194247286762 0.00853222410817 0.740530047817 0.056690441313
Cluster (0,4): 0.242906788593 0.0271021567339 0.688498704443 0.0414923502301
Cluster (0,5): 0.191834832909 0.0170587456622 0.687894363539 0.103212057889
Cluster (0,6): 0.046451922231 0.0410846478658 0.337096286968 0.575367142935
Cluster (0,7): 0.0187918680956 0.0151548716371 0.575409237428 0.390644022839
Cluster (1,0): 0.143838698459 0.0575628335469 0.600488890845 0.198109577148
Cluster (1,1): 0.34007748042 0.354257780774 0.152651488132 0.153013250674
Cluster (1,2): 0.465783801204 0.0433993542546 0.192785756318 0.298031088223
Cluster (1,3): 0.198373979751 0.244654436407 0.223295977172 0.33367560667
Cluster (1,4): 0.926040346499 0.0251561966146 0.0178592725561 0.0309441843307
Cluster (1,5): 0.603338289647 0.0131406857073 0.326239632905 0.0572813917411
Cluster (1,6): 0.218066318474 0.0289754202355 0.314382281529 0.438575979761
Cluster (1,7): 0.0945322021166 0.0672732873398 0.483876913703 0.354317596841

Corrected Rand index: 0.589417774799
F-measure(P,Q): 0.709388856757
OERC: 0.0333333333333

#####################################
Repetição do experimento: 10

----------Partition----------
Cluster (0,0)
Prototypes: [I_20]
Number of elements: 22
Elements: I_6, I_11, I_16, I_17, I_18, I_19, I_20, I_22, I_33, I_34, I_38, I_44, I_45, I_47, I_49, I_42, I_32, I_24, I_27, I_41, I_7, I_10

Cluster (0,1)
Prototypes: [I_72]
Number of elements: 0
Elements

Cluster (0,2)
Prototypes: [I_92]
Number of elements: 3
Elements: I_62, I_92, I_108

Cluster (0,3)
Prototypes: [I_134]
Number of elements: 5
Elements: I_52, I_135, I_69, I_86, I_134

Cluster (0,4)
Prototypes: [I_23]
Number of elements: 0
Elements

Cluster (0,5)
Prototypes: [I_81]
Number of elements: 1
Elements: I_82

Cluster (0,6)
Prototypes: [I_104]
Number of elements: 9
Elements: I_104, I_138, I_109, I_112, I_126, I_131, I_129, I_140, I_125

Cluster (0,7)
Prototypes: [I_144]
Number of elements: 16
Elements: I_101, I_119, I_123, I_133, I_115, I_141, I_144, I_145, I_121, I_116, I_142, I_110, I_118, I_132, I_137, I_149

Cluster (1,0)
Prototypes: [I_50]
Number of elements: 25
Elements: I_39, I_43, I_4, I_9, I_3, I_30, I_31, I_48, I_35, I_2, I_26, I_36, I_50, I_12, I_25, I_8, I_29, I_40, I_21, I_23, I_1, I_37, I_5, I_28, I_15

Cluster (1,1)
Prototypes: [I_87]
Number of elements: 0
Elements

Cluster (1,2)
Prototypes: [I_150]
Number of elements: 21
Elements: I_78, I_85, I_106, I_117, I_128, I_130, I_136, I_139, I_150, I_103, I_146, I_148, I_113, I_14, I_105, I_13, I_46, I_67, I_76, I_89, I_96

Cluster (1,3)
Prototypes: [I_55]
Number of elements: 5
Elements: I_79, I_64, I_55, I_77, I_84

Cluster (1,4)
Prototypes: [I_65]
Number of elements: 2
Elements: I_60, I_65

Cluster (1,5)
Prototypes: [I_81]
