# Topology: 2x8
# Cardinality (q): 1
# Tmin: 0.300000011921
# Tmax: 7.0
# Number of iterations: 100.0

#####################################
Repetição do experimento: 0

----------Partition----------
Cluster (0,0)
Prototypes: [I_121]
Number of elements: 13
Elements: I_105, I_129, I_133, I_103, I_113, I_101, I_110, I_121, I_140, I_141, I_145, I_137, I_125

Cluster (0,1)
Prototypes: [I_144]
Number of elements: 9
Elements: I_119, I_118, I_142, I_115, I_116, I_146, I_136, I_149, I_144

Cluster (0,2)
Prototypes: [I_16]
Number of elements: 0
Elements

Cluster (0,3)
Prototypes: [I_15]
Number of elements: 0
Elements

Cluster (0,4)
Prototypes: [I_125]
Number of elements: 0
Elements

Cluster (0,5)
Prototypes: [I_78]
Number of elements: 2
Elements: I_78, I_130

Cluster (0,6)
Prototypes: [I_27]
Number of elements: 7
Elements: I_44, I_24, I_6, I_27, I_45, I_22, I_32

Cluster (0,7)
Prototypes: [I_50]
Number of elements: 34
Elements: I_11, I_37, I_49, I_28, I_1, I_18, I_29, I_5, I_8, I_40, I_41, I_50, I_3, I_7, I_36, I_38, I_4, I_10, I_14, I_35, I_43, I_48, I_2, I_9, I_13, I_39, I_46, I_20, I_17, I_42, I_33, I_15, I_34, I_16

Cluster (1,0)
Prototypes: [I_112]
Number of elements: 24
Elements: I_111, I_124, I_127, I_128, I_139, I_71, I_150, I_112, I_147, I_122, I_102, I_143, I_114, I_138, I_117, I_148, I_104, I_109, I_126, I_108, I_131, I_123, I_132, I_106

Cluster (1,1)
Prototypes: [I_75]
Number of elements: 0
Elements

Cluster (1,2)
Prototypes: [I_82]
Number of elements: 8
Elements: I_58, I_61, I_80, I_82, I_94, I_99, I_63, I_68

Cluster (1,3)
Prototypes: [I_96]
Number of elements: 7
Elements: I_83, I_91, I_93, I_96, I_70, I_74, I_81

Cluster (1,4)
Prototypes: [I_87]
Number of elements: 22
Elements: I_66, I_76, I_52, I_55, I_64, I_67, I_77, I_79, I_85, I_92, I_51, I_62, I_87, I_53, I_57, I_69, I_73, I_86, I_120, I_134, I_84, I_107

Cluster (1,5)
Prototypes: [I_95]
Number of elements: 15
Elements: I_65, I_60, I_98, I_135, I_56, I_72, I_75, I_88, I_90, I_95, I_54, I_59, I_89, I_97, I_100

Cluster (1,6)
Prototypes: [I_83]
Number of elements: 0
Elements

Cluster (1,7)
Prototypes: [I_21]
Number of elements: 9
Elements: I_12, I_19, I_21, I_25, I_26, I_30, I_31, I_47, I_23


Critério de adequação (energia): 1.07867736806
=====================================
	Confusion Matrix
Classes			 Clusters
---------------------------------------
	0,0	0,1	0,5	0,6	0,7	1,0	1,2	1,3	1,4	1,5	1,7	Total

1	0	 0	 0	 7	 34	 0	 0	 0	 0	 0	 9	 50
3	13	 9	 1	 0	 0	 23	 0	 0	 3	 1	 0	 50
2	0	 0	 1	 0	 0	 1	 8	 7	 19	 14	 0	 50
Total	[13  9  2  7 34 24  8  7 22 15  9]

Matriz de pesos:
Cluster (0,0): 0.0516572987025 0.0349621318191 0.714228332559 0.199152236919
Cluster (0,1): 0.00618661768395 0.00677370951517 0.0274378135307 0.95960185927
Cluster (0,2): 0.501602127305 0.051491648315 0.217084350277 0.229821874102
Cluster (0,3): 0.92448220008 0.0073670985829 0.0252449705036 0.0429057308337
Cluster (0,4): 0.225393907569 0.114232136758 0.422338215171 0.238035740502
Cluster (0,5): 0.158568478468 0.303821004614 0.238116023483 0.299494493435
Cluster (0,6): 0.0636953769182 0.0124248143427 0.59434299224 0.329536816499
Cluster (0,7): 0.0152301616274 0.00325350312441 0.654394308057 0.327122027191
Cluster (1,0): 0.0214498658182 0.0218292859791 0.114853599366 0.841867248837
Cluster (1,1): 0.185181743921 0.239831841799 0.336293258837 0.238693155443
Cluster (1,2): 0.00870497829023 0.00965466311537 0.0482302478599 0.933410110734
Cluster (1,3): 0.0796358279195 0.00676848856653 0.165722487709 0.747873195805
Cluster (1,4): 0.0118108310369 0.0115632941604 0.233780168077 0.742845706725
Cluster (1,5): 0.00842053164898 0.0109279161621 0.0430945344076 0.937557017781
Cluster (1,6): 0.376735008536 0.10678986475 0.230163805898 0.286311320815
Cluster (1,7): 0.00417820058069 0.00359772873782 0.349996208379 0.642227862303

Corrected Rand index: 0.512527108455
F-measure(P,Q): 0.652974402974
OERC: 0.04

#####################################
Repetição do experimento: 1

----------Partition----------
Cluster (0,0)
Prototypes: [I_103]
Number of elements: 11
Elements: I_118, I_119, I_133, I_103, I_106, I_125, I_129, I_132, I_123, I_113, I_140

Cluster (0,1)
Prototypes: [I_144]
Number of elements: 15
Elements: I_110, I_101, I_137, I_141, I_145, I_130, I_109, I_121, I_126, I_144, I_104, I_108, I_131, I_105, I_136

Cluster (0,2)
Prototypes: [I_128]
Number of elements: 12
Elements: I_78, I_127, I_139, I_71, I_122, I_124, I_128, I_147, I_120, I_53, I_73, I_77

Cluster (0,3)
Prototypes: [I_135]
Number of elements: 1
Elements: I_135

Cluster (0,4)
Prototypes: [I_114]
Number of elements: 1
Elements: I_114

Cluster (0,5)
Prototypes: [I_42]
Number of elements: 0
Elements

Cluster (0,6)
Prototypes: [I_42]
Number of elements: 1
Elements: I_42

Cluster (0,7)
Prototypes: [I_20]
Number of elements: 19
Elements: I_22, I_27, I_41, I_44, I_45, I_24, I_6, I_17, I_18, I_32, I_46, I_7, I_16, I_20, I_10, I_19, I_33, I_13, I_38

Cluster (1,0)
Prototypes: [I_148]
Number of elements: 15
Elements: I_102, I_143, I_150, I_112, I_115, I_111, I_117, I_138, I_148, I_116, I_142, I_146, I_149, I_84, I_134

Cluster (1,1)
Prototypes: [I_88]
Number of elements: 0
Elements

Cluster (1,2)
Prototypes: [I_79]
Number of elements: 16
Elements: I_52, I_55, I_57, I_51, I_86, I_87, I_64, I_69, I_79, I_92, I_107, I_67, I_85, I_62, I_66, I_76

Cluster (1,3)
Prototypes: [I_95]
Number of elements: 17
Elements: I_74, I_88, I_98, I_56, I_60, I_72, I_75, I_89, I_91, I_95, I_96, I_97, I_100, I_54, I_59, I_65, I_90

Cluster (1,4)
Prototypes: [I_81]
Number of elements: 12
Elements: I_63, I_68, I_70, I_80, I_81, I_82, I_61, I_58, I_94, I_99, I_93, I_83

Cluster (1,5)
Prototypes: [I_88]
Number of elements: 0
Elements

Cluster (1,6)
Prototypes: [I_9]
Number of elements: 0
Elements

Cluster (1,7)
Prototypes: [I_50]
Number of elements: 30
Elements: I_14, I_9, I_15, I_39, I_43, I_3, I_4, I_11, I_21, I_34, I_37, I_48, I_12, I_29, I_30, I_31, I_49, I_28, I_2, I_35, I_1, I_25, I_40, I_5, I_8, I_47, I_50, I_26, I_23, I_36


Critério de adequação (energia): 0.897549461585
=====================================
	Confusion Matrix
Classes			 Clusters
---------------------------------------
	0,0	0,1	0,2	0,3	0,4	0,6	0,7	1,0	1,2	1,3	1,4	1,7	Total

1	0	 0	 0	 0	 0	 1	 19	 0	 0	 0	 0	 30	 50
3	11	 15	 7	 1	 1	 0	 0	 14	 1	 0	 0	 0	 50
2	0	 0	 5	 0	 0	 0	 0	 1	 15	 17	 12	 0	 50
Total	[11 15 12  1  1  1 19 15 16 17 12 30]

Matriz de pesos:
Cluster (0,0): 0.0274502574842 0.0151547489308 0.111566113204 0.845828880381
Cluster (0,1): 0.0493675205449 0.0324289367249 0.853386197555 0.0648173451754
Cluster (0,2): 0.0169018363447 0.00484328649782 0.917261101898 0.0609937752591
Cluster (0,3): 0.233873904046 0.137178030238 0.139842856984 0.489105208732
Cluster (0,4): 0.345638572921 0.431760773346 0.160519053589 0.0620816001448
Cluster (0,5): 0.117166557149 0.597585357486 0.100729639421 0.184518445944
Cluster (0,6): 0.0190267502162 0.00139401257075 0.583564389312 0.396014847902
Cluster (0,7): 0.0474877555255 0.00620086053348 0.77312033857 0.173191045371
Cluster (1,0): 0.0289885478715 0.0282934726305 0.886707169119 0.0560108103794
Cluster (1,1): 0.312592148265 0.0471599660677 0.458955511924 0.181292373743
Cluster (1,2): 0.0102676559532 0.0108492225495 0.61874511012 0.360138011377
Cluster (1,3): 0.0134257060943 0.0152141502836 0.162435515687 0.808924627935
Cluster (1,4): 0.0469203424073 0.0419549266047 0.22255407005 0.688570660938
Cluster (1,5): 0.0472289333009 0.181159446944 0.26815853371 0.503453086044
Cluster (1,6): 0.00180528267825 0.000677655333888 0.107909306628 0.889607755359
Cluster (1,7): 0.00339759026238 0.00130357353531 0.0632992001898 0.931999636012

Corrected Rand index: 0.484393982108
F-measure(P,Q): 0.573000382702
OERC: 0.0466666666667

#####################################
Repetição do experimento: 2

----------Partition----------
Cluster (0,0)
Prototypes: [I_50]
Number of elements: 19
Elements: I_1, I_2, I_3, I_4, I_5, I_11, I_14, I_15, I_28, I_29, I_34, I_37, I_39, I_40, I_43, I_48, I_49, I_50, I_9

Cluster (0,1)
Prototypes: [I_8]
Number of elements: 11
Elements: I_25, I_31, I_12, I_30, I_23, I_26, I_36, I_21, I_47, I_8, I_35

Cluster (0,2)
Prototypes: [I_31]
Number of elements: 0
Elements

Cluster (0,3)
Prototypes: [I_80]
Number of elements: 8
Elements: I_82, I_80, I_58, I_61, I_94, I_99, I_63, I_68

Cluster (0,4)
Prototypes: [I_79]
Number of elements: 9
Elements: I_107, I_66, I_76, I_56, I_86, I_92, I_51, I_64, I_85

Cluster (0,5)
Prototypes: [I_128]
Number of elements: 15
Elements: I_71, I_139, I_78, I_128, I_127, I_124, I_122, I_102, I_114, I_143, I_147, I_57, I_111, I_77, I_84

Cluster (0,6)
Prototypes: [I_8]
Number of elements: 0
Elements

Cluster (0,7)
Prototypes: [I_103]
Number of elements: 9
Elements: I_140, I_103, I_113, I_125, I_129, I_106, I_123, I_132, I_118

Cluster (1,0)
Prototypes: [I_20]
Number of elements: 18
Elements: I_44, I_27, I_32, I_6, I_22, I_16, I_17, I_19, I_20, I_7, I_18, I_46, I_10, I_33, I_13, I_38, I_41, I_42

Cluster (1,1)
Prototypes: [I_45]
Number of elements: 2
Elements: I_45, I_24

Cluster (1,2)
Prototypes: [I_113]
Number of elements: 1
Elements: I_148

Cluster (1,3)
Prototypes: [I_100]
Number of elements: 13
Elements: I_60, I_72, I_89, I_100, I_90, I_54, I_95, I_97, I_75, I_98, I_65, I_59, I_88

Cluster (1,4)
Prototypes: [I_93]
Number of elements: 7
Elements: I_70, I_81, I_83, I_93, I_74, I_96, I_91

Cluster (1,5)
Prototypes: [I_73]
Number of elements: 13
Elements: I_52, I_87, I_53, I_134, I_135, I_55, I_73, I_120, I_79, I_69, I_67, I_130, I_62

Cluster (1,6)
Prototypes: [I_104]
Number of elements: 9
Elements: I_138, I_104, I_117, I_126, I_108, I_109, I_112, I_131, I_150

Cluster (1,7)
Prototypes: [I_121]
Number of elements: 16
Elements: I_101, I_105, I_110, I_115, I_116, I_119, I_121, I_133, I_136, I_137, I_141, I_142, I_144, I_145, I_146, I_149


Critério de adequação (energia): 0.84803211382
=====================================
	Confusion Matrix
Classes			 Clusters
---------------------------------------
	0,0	0,1	0,3	0,4	0,5	0,7	1,0	1,1	1,2	1,3	1,4	1,5	1,6	1,7	Total

1	19	 11	 0	 0	 0	 0	 18	 2	 0	 0	 0	 0	 0	 0	 50
3	0	 0	 0	 1	 10	 9	 0	 0	 1	 0	 0	 4	 9	 16	 50
2	0	 0	 8	 8	 5	 0	 0	 0	 0	 13	 7	 9	 0	 0	 50
Total	[19 11  8  9 15  9 18  2  1 13  7 13  9 16]

Matriz de pesos:
Cluster (0,0): 0.00319088240249 0.00128731404977 0.207373972636 0.788147830912
Cluster (0,1): 0.00116573405783 0.000333654412875 0.0049378658914 0.993562745638
Cluster (0,2): 0.386217673863 0.0896668835348 0.246631288965 0.277484153637
Cluster (0,3): 0.0108850254695 0.00904727328309 0.101872197877 0.878195503371
Cluster (0,4): 0.00844041521201 0.00987401284696 0.861166840827 0.120518731114
Cluster (0,5): 0.0314040730651 0.0111918871751 0.792411363747 0.164992676013
Cluster (0,6): 0.179396694983 0.526692017251 0.14583212734 0.148079160426
Cluster (0,7): 0.0170473238487 0.00900989728161 0.0700002210901 0.90394255778
Cluster (1,0): 0.0262146462481 0.00263497865683 0.834816300874 0.136334074221
Cluster (1,1): 0.406581470738 0.004240292023 0.317471269147 0.271706968092
Cluster (1,2): 0.14009869035 0.429569996129 0.244136546342 0.186194767179
Cluster (1,3): 0.0103204385164 0.00815550103962 0.136385617556 0.845138442888
Cluster (1,4): 0.0699848940204 0.0260082218177 0.144076335801 0.759930548361
Cluster (1,5): 0.0211144775927 0.00587184100355 0.0930903706911 0.879923310713
Cluster (1,6): 0.0123897053726 0.0318499522263 0.14235139931 0.813408943091
Cluster (1,7): 0.0329279514732 0.0388140543778 0.216857183964 0.711400810185

Corrected Rand index: 0.35880685505
F-measure(P,Q): 0.482757178409
OERC: 0.0666666666667

#####################################
Repetição do experimento: 3

----------Partition----------
Cluster (0,0)
Prototypes: [I_27]
Number of elements: 11
Elements: I_44, I_24, I_22, I_32, I_6, I_16, I_17, I_27, I_45, I_19, I_20

Cluster (0,1)
Prototypes: [I_65]
Number of elements: 1
Elements: I_65

Cluster (0,2)
Prototypes: [I_94]
Number of elements: 6
Elements: I_58, I_94, I_61, I_99, I_80, I_82

Cluster (0,3)
Prototypes: [I_93]
Number of elements: 15
Elements: I_70, I_83, I_90, I_93, I_54, I_63, I_95, I_96, I_100, I_60, I_72, I_89, I_68, I_97, I_62

Cluster (0,4)
Prototypes: [I_79]
Number of elements: 21
Elements: I_56, I_67, I_74, I_85, I_91, I_64, I_79, I_88, I_92, I_98, I_107, I_52, I_55, I_59, I_66, I_69, I_75, I_76, I_86, I_51, I_57

Cluster (0,5)
Prototypes: [I_111]
Number of elements: 11
Elements: I_150, I_84, I_134, I_111, I_148, I_78, I_142, I_146, I_102, I_115, I_143

Cluster (0,6)
Prototypes: [I_125]
Number of elements: 16
Elements: I_104, I_130, I_135, I_109, I_129, I_133, I_137, I_141, I_145, I_121, I_101, I_105, I_110, I_126, I_144, I_125

Cluster (0,7)
Prototypes: [I_103]
Number of elements: 11
Elements: I_103, I_106, I_108, I_119, I_123, I_131, I_136, I_118, I_132, I_113, I_140

Cluster (1,0)
Prototypes: [I_50]
Number of elements: 39
Elements: I_1, I_23, I_37, I_38, I_2, I_3, I_4, I_7, I_8, I_10, I_12, I_13, I_21, I_25, I_26, I_29, I_30, I_31, I_35, I_36, I_40, I_43, I_46, I_48, I_50, I_14, I_39, I_9, I_41, I_28, I_18, I_5, I_42, I_11, I_47, I_49, I_15, I_33, I_34

Cluster (1,1)
Prototypes: [I_1]
Number of elements: 0
Elements

Cluster (1,2)
Prototypes: [I_142]
Number of elements: 0
Elements

Cluster (1,3)
Prototypes: [I_114]
Number of elements: 1
Elements: I_114

Cluster (1,4)
Prototypes: [I_124]
Number of elements: 11
Elements: I_122, I_71, I_139, I_120, I_127, I_128, I_73, I_124, I_77, I_147, I_53

Cluster (1,5)
Prototypes: [I_149]
Number of elements: 5
Elements: I_112, I_116, I_149, I_138, I_117

Cluster (1,6)
Prototypes: [I_82]
Number of elements: 1
Elements: I_81

Cluster (1,7)
Prototypes: [I_87]
Number of elements: 1
Elements: I_87


Critério de adequação (energia): 0.936321602835
=====================================
	Confusion Matrix
Classes			 Clusters
---------------------------------------
	0,0	0,1	0,2	0,3	0,4	0,5	0,6	0,7	1,0	1,3	1,4	1,5	1,6	1,7	Total

1	11	 0	 0	 0	 0	 0	 0	 0	 39	 0	 0	 0	 0	 0	 50
3	0	 0	 0	 0	 1	 9	 16	 11	 0	 1	 7	 5	 0	 0	 50
2	0	 1	 6	 15	 20	 2	 0	 0	 0	 0	 4	 0	 1	 1	 50
Total	[11  1  6 15 21 11 16 11 39  1 11  5  1  1]

Matriz de pesos:
Cluster (0,0): 0.0235350199053 0.00472635308457 0.591957865662 0.379780761348
Cluster (0,1): 0.575965724023 0.0533751674086 0.194714500622 0.175944607946
Cluster (0,2): 0.0176515509942 0.015405156995 0.174020944628 0.792922347383
Cluster (0,3): 0.0539763292853 0.0141925893409 0.790299726039 0.141531355335
Cluster (0,4): 0.0128278954231 0.0102033533259 0.867280994268 0.109687756983
Cluster (0,5): 0.00783778734209 0.0041556683162 0.971059405994 0.016947138348
Cluster (0,6): 0.0548166963102 0.0132319516638 0.883699224076 0.0482521279498
Cluster (0,7): 0.0700732074833 0.0331257598901 0.236766955711 0.660034076916
Cluster (1,0): 0.016762265046 0.00432296864671 0.341627365687 0.637287400621
Cluster (1,1): 0.10712268193 0.0278566776231 0.471199985345 0.393820655102
Cluster (1,2): 0.112101029325 0.159034123684 0.54609691061 0.182767936381
Cluster (1,3): 0.297353404312 0.134242448983 0.450678999796 0.117725146909
Cluster (1,4): 0.010750644894 0.00470863384217 0.956797918809 0.0277428024546
Cluster (1,5): 0.0690289038876 0.00391961404301 0.909290702734 0.0177607793354
Cluster (1,6): 0.244065887336 0.168973842661 0.375216800622 0.211743469381
Cluster (1,7): 0.205012394655 0.272619827554 0.230924545675 0.291443232116

Corrected Rand index: 0.531789622489
F-measure(P,Q): 0.641544420307
OERC: 0.0466666666667

#####################################
Repetição do experimento: 4

----------Partition----------
Cluster (0,0)
Prototypes: [I_106]
Number of elements: 8
Elements: I_118, I_132, I_119, I_131, I_123, I_106, I_108, I_136

Cluster (0,1)
Prototypes: [I_143]
Number of elements: 4
Elements: I_102, I_143, I_112, I_148

Cluster (0,2)
Prototypes: [I_139]
Number of elements: 5
Elements: I_71, I_139, I_122, I_127, I_77

Cluster (0,3)
Prototypes: [I_21]
Number of elements: 0
Elements

Cluster (0,4)
Prototypes: [I_90]
Number of elements: 4
Elements: I_62, I_60, I_90, I_70

Cluster (0,5)
Prototypes: [I_57]
Number of elements: 0
Elements

Cluster (0,6)
Prototypes: [I_44]
Number of elements: 2
Elements: I_44, I_24

Cluster (0,7)
Prototypes: [I_50]
Number of elements: 40
Elements: I_5, I_11, I_15, I_18, I_28, I_33, I_34, I_37, I_47, I_49, I_38, I_1, I_21, I_41, I_29, I_40, I_8, I_23, I_12, I_25, I_42, I_50, I_7, I_36, I_26, I_2, I_3, I_10, I_13, I_30, I_31, I_35, I_46, I_4, I_9, I_14, I_39, I_43, I_48, I_20

Cluster (1,0)
Prototypes: [I_125]
Number of elements: 22
Elements: I_121, I_141, I_145, I_101, I_110, I_137, I_149, I_133, I_129, I_135, I_104, I_117, I_130, I_138, I_109, I_126, I_105, I_125, I_144, I_113, I_140, I_103

Cluster (1,1)
Prototypes: [I_147]
Number of elements: 16
Elements: I_53, I_78, I_134, I_84, I_124, I_128, I_150, I_120, I_73, I_115, I_142, I_111, I_114, I_146, I_116, I_147

Cluster (1,2)
Prototypes: [I_55]
Number of elements: 17
Elements: I_66, I_52, I_59, I_64, I_76, I_79, I_86, I_92, I_51, I_55, I_57, I_67, I_69, I_74, I_85, I_87, I_107

Cluster (1,3)
Prototypes: [I_97]
Number of elements: 11
Elements: I_89, I_95, I_97, I_100, I_98, I_75, I_88, I_56, I_65, I_72, I_54

Cluster (1,4)
Prototypes: [I_93]
Number of elements: 5
Elements: I_83, I_91, I_93, I_81, I_96

Cluster (1,5)
Prototypes: [I_82]
Number of elements: 8
Elements: I_68, I_63, I_80, I_82, I_58, I_61, I_94, I_99

Cluster (1,6)
Prototypes: [I_74]
Number of elements: 0
Elements

Cluster (1,7)
Prototypes: [I_27]
Number of elements: 8
Elements: I_27, I_6, I_22, I_32, I_16, I_19, I_45, I_17


Critério de adequação (energia): 0.802954754902
=====================================
	Confusion Matrix
Classes			 Clusters
---------------------------------------
	0,0	0,1	0,2	0,4	0,6	0,7	1,0	1,1	1,2	1,3	1,4	1,5	1,7	Total

1	0	 0	 0	 0	 2	 40	 0	 0	 0	 0	 0	 0	 8	 50
3	8	 4	 3	 0	 0	 0	 22	 12	 1	 0	 0	 0	 0	 50
2	0	 0	 2	 4	 0	 0	 0	 4	 16	 11	 5	 8	 0	 50
Total	[ 8  4  5  4  2 40 22 16 17 11  5  8  8]

Matriz de pesos:
Cluster (0,0): 0.184920888411 0.0211674763531 0.396844989229 0.397066646007
Cluster (0,1): 0.0113921969171 0.0289322091491 0.440034585246 0.519641008687
Cluster (0,2): 0.0144871916002 0.00747105268232 0.919859699338 0.0581820563791
Cluster (0,3): 0.670787607664 0.112604589764 0.119858526543 0.0967492760297
Cluster (0,4): 0.0433816898843 0.00953174033451 0.841193169501 0.10589340028
Cluster (0,5): 0.155609688423 0.0574660027508 0.386335742976 0.400588565851
Cluster (0,6): 0.0917139980291 0.0201561118747 0.83190200958 0.0562278805166
Cluster (0,7): 0.0167599879442 0.00432237840375 0.341604721166 0.637312912486
Cluster (1,0): 0.0658052919533 0.0176037871679 0.851648569996 0.0649423508827
Cluster (1,1): 0.0277791529011 0.00528824967606 0.935363291945 0.0315693054781
Cluster (1,2): 0.00782010147591 0.00766556079103 0.832224999162 0.152289338571
Cluster (1,3): 0.00258684932139 0.00214236199578 0.0267562227226 0.96851456596
Cluster (1,4): 0.0520099309535 0.0138402432425 0.185020052987 0.749129772817
Cluster (1,5): 0.00843030762106 0.00935736634515 0.0468347925086 0.935377533525
Cluster (1,6): 0.290668643129 0.0938276810611 0.153158413942 0.462345261868
Cluster (1,7): 0.0158603441745 0.00319881349599 0.422406002653 0.558534839676

Corrected Rand index: 0.535393022458
F-measure(P,Q): 0.6592039801
OERC: 0.0466666666667

#####################################
Repetição do experimento: 5

----------Partition----------
Cluster (0,0)
Prototypes: [I_103]
Number of elements: 12
Elements: I_105, I_113, I_125, I_140, I_103, I_118, I_119, I_132, I_106, I_133, I_129, I_123

Cluster (0,1)
Prototypes: [I_141]
Number of elements: 10
Elements: I_149, I_137, I_145, I_116, I_101, I_141, I_110, I_121, I_144, I_136

Cluster (0,2)
Prototypes: [I_139]
Number of elements: 7
Elements: I_71, I_139, I_127, I_128, I_122, I_53, I_73

Cluster (0,3)
Prototypes: [I_92]
Number of elements: 21
Elements: I_79, I_55, I_64, I_67, I_74, I_85, I_107, I_59, I_76, I_77, I_92, I_66, I_69, I_87, I_52, I_51, I_57, I_86, I_88, I_56, I_91

Cluster (0,4)
Prototypes: [I_100]
Number of elements: 16
Elements: I_68, I_83, I_93, I_54, I_90, I_60, I_100, I_72, I_95, I_96, I_89, I_97, I_62, I_63, I_75, I_98

Cluster (0,5)
Prototypes: [I_82]
Number of elements: 5
Elements: I_80, I_82, I_81, I_65, I_70

Cluster (0,6)
Prototypes: [I_48]
Number of elements: 9
Elements: I_23, I_14, I_3, I_25, I_39, I_43, I_9, I_15, I_48

Cluster (0,7)
Prototypes: [I_40]
Number of elements: 32
Elements: I_1, I_2, I_4, I_7, I_8, I_10, I_11, I_12, I_13, I_18, I_20, I_21, I_28, I_29, I_30, I_31, I_32, I_35, I_37, I_38, I_40, I_42, I_46, I_47, I_49, I_6, I_17, I_19, I_33, I_16, I_34, I_22

Cluster (1,0)
Prototypes: [I_104]
Number of elements: 6
Elements: I_117, I_138, I_104, I_130, I_126, I_109

Cluster (1,1)
Prototypes: [I_23]
Number of elements: 0
Elements

Cluster (1,2)
Prototypes: [I_131]
Number of elements: 2
Elements: I_108, I_131

Cluster (1,3)
Prototypes: [I_150]
Number of elements: 14
Elements: I_148, I_102, I_115, I_143, I_78, I_150, I_84, I_114, I_147, I_134, I_111, I_142, I_146, I_120

Cluster (1,4)
Prototypes: [I_124]
Number of elements: 3
Elements: I_112, I_135, I_124

Cluster (1,5)
Prototypes: [I_57]
Number of elements: 0
Elements

Cluster (1,6)
Prototypes: [I_50]
Number of elements: 0
Elements

Cluster (1,7)
Prototypes: [I_44]
Number of elements: 13
Elements: I_99, I_58, I_61, I_94, I_44, I_24, I_45, I_27, I_41, I_36, I_5, I_26, I_50


Critério de adequação (energia): 0.921412249277
=====================================
	Confusion Matrix
Classes			 Clusters
---------------------------------------
	0,0	0,1	0,2	0,3	0,4	0,5	0,6	0,7	1,0	1,2	1,3	1,4	1,7	Total

1	0	 0	 0	 0	 0	 0	 9	 32	 0	 0	 0	 0	 9	 50
3	12	 10	 4	 1	 0	 0	 0	 0	 6	 2	 12	 3	 0	 50
2	0	 0	 3	 20	 16	 5	 0	 0	 0	 0	 2	 0	 4	 50
Total	[12 10  7 21 16  5  9 32  6  2 14  3 13]

Matriz de pesos:
Cluster (0,0): 0.026361393542 0.015986681574 0.11804947287 0.839602452014
Cluster (0,1): 0.032918102853 0.0328683201732 0.318529275555 0.615684301419
Cluster (0,2): 0.0457595461061 0.027565549327 0.758386145207 0.16828875936
Cluster (0,3): 0.0118149067981 0.00881547756079 0.829956637504 0.149412978137
Cluster (0,4): 0.0346195983552 0.0149326791291 0.790743566884 0.159704155632
Cluster (0,5): 0.294915580313 0.023225141551 0.5057202011 0.176139077036
Cluster (0,6): 0.0816472597429 0.0203170328748 0.167260466189 0.730775241194
Cluster (0,7): 0.0200196606938 0.0039029285941 0.74022176714 0.235855643572
Cluster (1,0): 0.0147735913325 0.0243234990279 0.443885435966 0.517017473674
Cluster (1,1): 0.128005871799 0.602494440383 0.126342423424 0.143157264394
Cluster (1,2): 0.062850450332 0.161167690647 0.292711563433 0.483270295587
Cluster (1,3): 0.00810794270549 0.00576842427388 0.964058315698 0.0220653173224
Cluster (1,4): 0.320297064175 0.394624696371 0.171241253601 0.113836985853
Cluster (1,5): 0.217017481665 0.0403872820102 0.412196681833 0.330398554492
Cluster (1,6): 0.505943566394 0.0440823753138 0.234038852691 0.215935205602
Cluster (1,7): 0.947183806246 0.0023620491043 0.0210279871165 0.029426157533

Corrected Rand index: 0.452023813834
F-measure(P,Q): 0.576988286921
OERC: 0.0666666666667

#####################################
Repetição do experimento: 6

----------Partition----------
Cluster (0,0)
Prototypes: [I_144]
Number of elements: 15
Elements: I_136, I_129, I_105, I_133, I_118, I_121, I_125, I_144, I_101, I_110, I_132, I_137, I_141, I_145, I_149

Cluster (0,1)
Prototypes: [I_123]
Number of elements: 2
Elements: I_123, I_119

Cluster (0,2)
Prototypes: [I_45]
Number of elements: 1
Elements: I_45

Cluster (0,3)
Prototypes: [I_43]
Number of elements: 0
Elements

Cluster (0,4)
Prototypes: [I_117]
Number of elements: 14
Elements: I_113, I_130, I_2, I_13, I_14, I_26, I_39, I_46, I_62, I_89, I_92, I_96, I_103, I_106

Cluster (0,5)
Prototypes: [I_62]
Number of elements: 0
Elements

Cluster (0,6)
Prototypes: [I_36]
Number of elements: 6
Elements: I_23, I_36, I_3, I_43, I_37, I_15

Cluster (0,7)
Prototypes: [I_20]
Number of elements: 36
Elements: I_1, I_5, I_7, I_8, I_11, I_12, I_18, I_20, I_21, I_22, I_27, I_28, I_38, I_40, I_41, I_44, I_47, I_49, I_4, I_10, I_24, I_29, I_30, I_31, I_32, I_35, I_48, I_50, I_9, I_17, I_42, I_33, I_6, I_19, I_34, I_16

Cluster (1,0)
Prototypes: [I_150]
Number of elements: 21
Elements: I_73, I_78, I_84, I_102, I_111, I_114, I_115, I_116, I_120, I_122, I_134, I_135, I_143, I_146, I_147, I_148, I_150, I_142, I_53, I_112, I_140

Cluster (1,1)
Prototypes: [I_79]
Number of elements: 22
Elements: I_52, I_55, I_56, I_59, I_64, I_66, I_67, I_69, I_74, I_75, I_76, I_79, I_85, I_88, I_98, I_86, I_107, I_51, I_57, I_77, I_87, I_91

Cluster (1,2)
Prototypes: [I_93]
Number of elements: 13
Elements: I_68, I_54, I_63, I_70, I_81, I_83, I_90, I_93, I_95, I_100, I_60, I_72, I_97

Cluster (1,3)
Prototypes: [I_94]
Number of elements: 6
Elements: I_99, I_58, I_61, I_94, I_80, I_82

Cluster (1,4)
Prototypes: [I_24]
Number of elements: 0
Elements

Cluster (1,5)
Prototypes: [I_104]
Number of elements: 12
Elements: I_138, I_117, I_104, I_71, I_127, I_128, I_139, I_108, I_109, I_124, I_126, I_131

Cluster (1,6)
Prototypes: [I_65]
Number of elements: 1
Elements: I_65

Cluster (1,7)
Prototypes: [I_25]
Number of elements: 1
Elements: I_25


Critério de adequação (energia): 1.10361718968
=====================================
	Confusion Matrix
Classes			 Clusters
---------------------------------------
	0,0	0,1	0,2	0,4	0,6	0,7	1,0	1,1	1,2	1,3	1,5	1,6	1,7	Total

1	0	 0	 1	 6	 6	 36	 0	 0	 0	 0	 0	 0	 1	 50
3	15	 2	 0	 4	 0	 0	 17	 1	 0	 0	 11	 0	 0	 50
2	0	 0	 0	 4	 0	 0	 4	 21	 13	 6	 1	 1	 0	 50
Total	[15  2  1 14  6 36 21 22 13  6 12  1  1]

Matriz de pesos:
Cluster (0,0): 0.0445773960366 0.0357079435205 0.538242118406 0.381472542037
Cluster (0,1): 0.161948089473 0.170269300524 0.311505440603 0.3562771694
Cluster (0,2): 0.29085506556 0.101018212147 0.259485443868 0.348641278424
Cluster (0,3): 0.200747561123 0.214576817281 0.259704583127 0.324971038469
Cluster (0,4): 0.00028388930332 0.990926471266 0.00771977671019 0.00106986272006
Cluster (0,5): 0.132176208967 0.574841680144 0.135156637396 0.157825473494
Cluster (0,6): 0.00900368910328 0.011917212451 0.429033512843 0.550045585602
Cluster (0,7): 0.0243838547771 0.00255310358182 0.819594362515 0.153468679126
Cluster (1,0): 0.0237058444212 0.0182400577506 0.901127331247 0.0569267665808
Cluster (1,1): 0.0157624649927 0.0149491510698 0.810696118006 0.158592265932
Cluster (1,2): 0.0480607806448 0.0148684357219 0.759757622312 0.177313161321
Cluster (1,3): 0.0164721486786 0.014480860432 0.162977015916 0.806069974974
Cluster (1,4): 0.26010004269 0.288316378227 0.177631637157 0.273951941927
Cluster (1,5): 0.00080616281494 0.00113547214439 0.00233605903178 0.995722306009
Cluster (1,6): 0.176899836459 0.44667590651 0.173758074242 0.202666182789
Cluster (1,7): 0.122966510594 0.0390909221274 0.400830820066 0.437111747212

Corrected Rand index: 0.499511414975
F-measure(P,Q): 0.633138625032
OERC: 0.0933333333333

#####################################
Repetição do experimento: 7

----------Partition----------
Cluster (0,0)
Prototypes: [I_50]
Number of elements: 30
Elements: I_9, I_14, I_39, I_4, I_43, I_2, I_48, I_3, I_30, I_23, I_25, I_35, I_36, I_50, I_8, I_40, I_1, I_5, I_29, I_28, I_21, I_37, I_49, I_11, I_15, I_34, I_12, I_31, I_26, I_47

Cluster (0,1)
Prototypes: [I_9]
Number of elements: 0
Elements

Cluster (0,2)
Prototypes: [I_77]
Number of elements: 4
Elements: I_77, I_60, I_64, I_135

Cluster (0,3)
Prototypes: [I_76]
Number of elements: 22
Elements: I_56, I_72, I_74, I_75, I_88, I_89, I_95, I_97, I_98, I_100, I_54, I_59, I_62, I_90, I_76, I_79, I_92, I_52, I_66, I_67, I_85, I_51

Cluster (0,4)
Prototypes: [I_134]
Number of elements: 8
Elements: I_134, I_120, I_73, I_84, I_53, I_87, I_55, I_69

Cluster (0,5)
Prototypes: [I_126]
Number of elements: 2
Elements: I_130, I_131

Cluster (0,6)
Prototypes: [I_141]
Number of elements: 14
Elements: I_101, I_115, I_116, I_121, I_141, I_142, I_145, I_146, I_110, I_137, I_144, I_149, I_136, I_119

Cluster (0,7)
Prototypes: [I_125]
Number of elements: 15
Elements: I_103, I_105, I_113, I_118, I_123, I_125, I_129, I_132, I_133, I_140, I_114, I_106, I_111, I_122, I_148

Cluster (1,0)
Prototypes: [I_20]
Number of elements: 17
Elements: I_24, I_27, I_44, I_22, I_18, I_20, I_32, I_7, I_10, I_16, I_19, I_33, I_46, I_13, I_38, I_41, I_42

Cluster (1,1)
Prototypes: [I_45]
Number of elements: 1
Elements: I_45

Cluster (1,2)
Prototypes: [I_86]
Number of elements: 2
Elements: I_57, I_86

Cluster (1,3)
Prototypes: [I_81]
Number of elements: 15
Elements: I_68, I_82, I_63, I_70, I_61, I_80, I_81, I_94, I_58, I_99, I_65, I_83, I_93, I_96, I_91

Cluster (1,4)
Prototypes: [I_6]
Number of elements: 2
Elements: I_6, I_17

Cluster (1,5)
Prototypes: [I_18]
Number of elements: 0
Elements

Cluster (1,6)
Prototypes: [I_35]
Number of elements: 0
Elements

Cluster (1,7)
Prototypes: [I_150]
Number of elements: 18
Elements: I_71, I_139, I_78, I_128, I_150, I_117, I_127, I_138, I_124, I_102, I_104, I_143, I_112, I_147, I_109, I_107, I_108, I_126


Critério de adequação (energia): 1.07337113314
=====================================
	Confusion Matrix
Classes			 Clusters
---------------------------------------
	0,0	0,2	0,3	0,4	0,5	0,6	0,7	1,0	1,1	1,2	1,3	1,4	1,7	Total

1	30	 0	 0	 0	 0	 0	 0	 17	 1	 0	 0	 2	 0	 50
3	0	 1	 0	 2	 2	 14	 15	 0	 0	 0	 0	 0	 16	 50
2	0	 3	 22	 6	 0	 0	 0	 0	 0	 2	 15	 0	 2	 50
Total	[30  4 22  8  2 14 15 17  1  2 15  2 18]

Matriz de pesos:
Cluster (0,0): 0.00336719103082 0.00129093559516 0.0628062796271 0.932535593747
Cluster (0,1): 0.0521094888258 0.0276161055179 0.355187182516 0.565087223141
Cluster (0,2): 0.0131623653878 0.0347336414217 0.19501890699 0.757085086201
Cluster (0,3): 0.0107835635196 0.0172061493995 0.43805622998 0.533954057101
Cluster (0,4): 0.0278875060429 0.00878813096439 0.173114403284 0.790209959708
Cluster (0,5): 0.153025568711 0.0180469683404 0.663444652658 0.165482810291
Cluster (0,6): 0.0289127890098 0.0341332376839 0.153847213668 0.783106759638
Cluster (0,7): 0.0149341176565 0.0109847876104 0.0899663237683 0.884114770965
Cluster (1,0): 0.0299962023495 0.0028799719247 0.828750768059 0.138373057667
Cluster (1,1): 0.304752040227 0.0593484885354 0.316437104933 0.319462366305
Cluster (1,2): 0.0900638353564 0.0482780907284 0.443536034893 0.418122039022
Cluster (1,3): 0.0717546974468 0.0288911570966 0.259338824283 0.640015321173
Cluster (1,4): 0.558801381838 0.0336265786541 0.151728428848 0.25584361066
Cluster (1,5): 0.133448225628 0.4795368753 0.139956376367 0.247058522704
Cluster (1,6): 0.0892455456287 0.778670997528 0.0720607860003 0.0600226708426
Cluster (1,7): 0.00921317961428 0.0152201078568 0.0760170590354 0.899549653493

Corrected Rand index: 0.501610288004
F-measure(P,Q): 0.610566448802
OERC: 0.0333333333333

#####################################
Repetição do experimento: 8

----------Partition----------
Cluster (0,0)
Prototypes: [I_113]
Number of elements: 26
Elements: I_112, I_110, I_129, I_133, I_149, I_104, I_137, I_113, I_117, I_130, I_148, I_103, I_125, I_146, I_150, I_105, I_138, I_140, I_111, I_121, I_141, I_142, I_145, I_101, I_116, I_144

Cluster (0,1)
Prototypes: [I_113]
Number of elements: 0
Elements

Cluster (0,2)
Prototypes: [I_25]
Number of elements: 0
Elements

Cluster (0,3)
Prototypes: [I_93]
Number of elements: 23
Elements: I_80, I_60, I_65, I_68, I_70, I_83, I_93, I_100, I_72, I_81, I_90, I_95, I_97, I_54, I_63, I_82, I_89, I_91, I_88, I_96, I_98, I_62, I_75

Cluster (0,4)
Prototypes: [I_84]
Number of elements: 6
Elements: I_84, I_134, I_135, I_102, I_143, I_115

Cluster (0,5)
Prototypes: [I_15]
Number of elements: 0
Elements

Cluster (0,6)
Prototypes: [I_50]
Number of elements: 28
Elements: I_13, I_14, I_23, I_2, I_3, I_4, I_9, I_30, I_39, I_43, I_48, I_7, I_12, I_15, I_21, I_25, I_31, I_35, I_37, I_42, I_11, I_34, I_49, I_28, I_29, I_1, I_47, I_46

Cluster (0,7)
Prototypes: [I_20]
Number of elements: 7
Elements: I_18, I_20, I_22, I_33, I_10, I_38, I_40

Cluster (1,0)
Prototypes: [I_57]
Number of elements: 31
Elements: I_85, I_67, I_71, I_51, I_52, I_57, I_64, I_66, I_76, I_79, I_86, I_87, I_92, I_53, I_59, I_74, I_139, I_55, I_56, I_77, I_78, I_128, I_127, I_73, I_124, I_69, I_122, I_120, I_114, I_147, I_107

Cluster (1,1)
Prototypes: [I_3]
Number of elements: 0
Elements

Cluster (1,2)
Prototypes: [I_118]
Number of elements: 6
Elements: I_106, I_123, I_118, I_119, I_132, I_136

Cluster (1,3)
Prototypes: [I_108]
Number of elements: 4
Elements: I_131, I_108, I_126, I_109

Cluster (1,4)
Prototypes: [I_15]
Number of elements: 0
Elements

Cluster (1,5)
Prototypes: [I_32]
Number of elements: 5
Elements: I_16, I_19, I_32, I_6, I_17

Cluster (1,6)
Prototypes: [I_45]
Number of elements: 2
Elements: I_24, I_45

Cluster (1,7)
Prototypes: [I_44]
Number of elements: 12
Elements: I_44, I_99, I_58, I_94, I_61, I_27, I_41, I_26, I_36, I_8, I_5, I_50


Critério de adequação (energia): 1.58820224475
=====================================
	Confusion Matrix
Classes			 Clusters
---------------------------------------
	0,0	0,3	0,4	0,6	0,7	1,0	1,2	1,3	1,5	1,6	1,7	Total

1	0	 0	 0	 28	 7	 0	 0	 0	 5	 2	 8	 50
3	26	 0	 5	 0	 0	 9	 6	 4	 0	 0	 0	 50
2	0	 23	 1	 0	 0	 22	 0	 0	 0	 0	 4	 50
Total	[26 23  6 28  7 31  6  4  5  2 12]

Matriz de pesos:
Cluster (0,0): 0.0778816307696 0.061791642254 0.691450114913 0.168876612064
Cluster (0,1): 0.0782280756434 0.0621119030526 0.68935304035 0.170306980954
Cluster (0,2): 0.197272661978 0.266726712202 0.277752990123 0.258247635697
Cluster (0,3): 0.0847450630369 0.0328422702878 0.557761043677 0.324651622998
Cluster (0,4): 0.159787438871 0.341529376928 0.391970925854 0.106712258347
Cluster (0,5): 0.191324546112 0.0584720263593 0.312745659066 0.437457768463
Cluster (0,6): 0.0128086184524 0.00401047033302 0.289283806687 0.693897104528
Cluster (0,7): 0.269016095235 0.00861013734849 0.60317757715 0.119196190267
Cluster (1,0): 0.0314887564618 0.00757177913895 0.822776450459 0.13816301394
Cluster (1,1): 0.117368188654 0.596551650977 0.130672177563 0.155407982806
Cluster (1,2): 0.530993662479 0.00211618521403 0.253321759146 0.213568393161
Cluster (1,3): 0.122300053635 0.0720082663459 0.229340398145 0.576351281874
Cluster (1,4): 0.576920541988 0.0985727086317 0.12952466247 0.19498208691
Cluster (1,5): 0.0438982977007 0.00133394629905 0.295632613479 0.659135142521
Cluster (1,6): 0.329160035468 0.00691879673984 0.346576501403 0.317344666389
Cluster (1,7): 0.981160948197 0.000885232073035 0.00777005943267 0.0101837602975

Corrected Rand index: 0.504780097776
F-measure(P,Q): 0.677432076855
OERC: 0.0933333333333

#####################################
Repetição do experimento: 9

----------Partition----------
Cluster (0,0)
Prototypes: [I_113]
Number of elements: 22
Elements: I_137, I_149, I_121, I_125, I_141, I_105, I_116, I_113, I_140, I_104, I_117, I_129, I_133, I_138, I_142, I_146, I_109, I_111, I_148, I_112, I_145, I_135

Cluster (0,1)
Prototypes: [I_136]
Number of elements: 9
Elements: I_101, I_106, I_110, I_119, I_118, I_132, I_136, I_144, I_103

Cluster (0,2)
Prototypes: [I_23]
Number of elements: 0
Elements

Cluster (0,3)
Prototypes: [I_11]
Number of elements: 0
Elements

Cluster (0,4)
Prototypes: [I_100]
Number of elements: 14
Elements: I_65, I_90, I_60, I_89, I_95, I_97, I_100, I_56, I_54, I_72, I_98, I_88, I_91, I_75

Cluster (0,5)
Prototypes: [I_131]
Number of elements: 2
Elements: I_131, I_123

Cluster (0,6)
Prototypes: [I_24]
Number of elements: 0
Elements

Cluster (0,7)
Prototypes: [I_50]
Number of elements: 30
Elements: I_15, I_14, I_4, I_9, I_21, I_39, I_43, I_48, I_3, I_11, I_30, I_31, I_34, I_49, I_12, I_28, I_29, I_35, I_2, I_25, I_40, I_1, I_5, I_8, I_26, I_47, I_50, I_23, I_37, I_36

Cluster (1,0)
Prototypes: [I_57]
Number of elements: 21
Elements: I_51, I_53, I_77, I_87, I_139, I_59, I_57, I_71, I_55, I_64, I_86, I_92, I_124, I_127, I_73, I_107, I_69, I_120, I_128, I_74, I_122

Cluster (1,1)
Prototypes: [I_67]
Number of elements: 7
Elements: I_62, I_66, I_76, I_67, I_79, I_52, I_85

Cluster (1,2)
Prototypes: [I_78]
Number of elements: 5
Elements: I_130, I_108, I_126, I_150, I_78

Cluster (1,3)
Prototypes: [I_84]
Number of elements: 7
Elements: I_84, I_102, I_143, I_134, I_115, I_114, I_147

Cluster (1,4)
Prototypes: [I_70]
Number of elements: 9
Elements: I_63, I_68, I_70, I_80, I_81, I_82, I_83, I_93, I_96

Cluster (1,5)
Prototypes: [I_94]
Number of elements: 4
Elements: I_99, I_58, I_61, I_94

Cluster (1,6)
Prototypes: [I_24]
Number of elements: 3
Elements: I_44, I_45, I_24

Cluster (1,7)
Prototypes: [I_20]
Number of elements: 17
Elements: I_18, I_20, I_22, I_27, I_41, I_17, I_32, I_46, I_6, I_7, I_16, I_42, I_10, I_19, I_33, I_13, I_38


Critério de adequação (energia): 1.11950665301
=====================================
	Confusion Matrix
Classes			 Clusters
---------------------------------------
	0,0	0,1	0,4	0,5	0,7	1,0	1,1	1,2	1,3	1,4	1,5	1,6	1,7	Total

1	0	 0	 0	 0	 30	 0	 0	 0	 0	 0	 0	 3	 17	 50
3	22	 9	 0	 2	 0	 7	 0	 4	 6	 0	 0	 0	 0	 50
2	0	 0	 14	 0	 0	 14	 7	 1	 1	 9	 4	 0	 0	 50
Total	[22  9 14  2 30 21  7  5  7  9  4  3 17]

Matriz de pesos:
Cluster (0,0): 0.0773836070185 0.0421589041639 0.740082621712 0.140374867105
Cluster (0,1): 0.0436956054947 0.0227838350649 0.464994777287 0.468525782153
Cluster (0,2): 0.0972768663674 0.627594661517 0.117384832703 0.157743639412
Cluster (0,3): 0.74567465805 0.055282201531 0.099571473921 0.0994716664984
Cluster (0,4): 0.0147363986392 0.00945714215769 0.140165146871 0.835641312332
Cluster (0,5): 0.0441407819917 0.562583580825 0.0955704471674 0.297705190016
Cluster (0,6): 0.170927767804 0.212657971124 0.272285130146 0.344129130925
Cluster (0,7): 0.00312045395297 0.00119639124456 0.0582331755085 0.937449979294
Cluster (1,0): 0.0266927101539 0.00499269332595 0.863047044795 0.105267551726
Cluster (1,1): 0.0076190892561 0.0909068238241 0.438047520989 0.463426565931
Cluster (1,2): 0.0249011136471 0.200202891766 0.0516669523021 0.723229042284
Cluster (1,3): 0.138689927652 0.17330922276 0.650433014973 0.0375678346146
Cluster (1,4): 0.123765879712 0.0249118713728 0.454618271872 0.396703977043
Cluster (1,5): 0.155103827324 0.0234706281409 0.252908626417 0.568516918118
Cluster (1,6): 0.41569266179 0.00636586210213 0.356251098701 0.221690377407
Cluster (1,7): 0.0243777920265 0.00247905572146 0.795961284465 0.177181867787

Corrected Rand index: 0.45969053406
F-measure(P,Q): 0.599537037037
OERC: 0.06

#####################################
Repetição do experimento: 10

----------Partition----------
Cluster (0,0)
Prototypes: [I_57]
Number of elements: 16
Elements: I_51, I_53, I_57, I_86, I_87, I_52, I_67, I_71, I_85, I_127, I_139, I_107, I_69, I_73, I_124, I_55

Cluster (0,1)
Prototypes: [I_64]
Number of elements: 4
Elements: I_64, I_59, I_79, I_77

Cluster (0,2)
Prototypes: [I_144]
Number of elements: 11
Elements: I_110, I_130, I_121, I_126, I_144, I_145, I_109, I_105, I_108, I_131, I_136

Cluster (0,3)
Prototypes: [I_138]
Number of elements: 10
Elements: I_116, I_137, I_138, I_149, I_104, I_117, I_112, I_133, I_129, I_141

Cluster (0,4)
Prototypes: [I_101]
Number of elements: 1
Elements: I_101

Cluster (0,5)
Prototypes: [I_72]
Number of elements: 0
Elements

Cluster (0,6)
Prototypes: [I_27]
Number of elements: 8
Elements: I_19, I_16, I_6, I_32, I_22, I_24, I_17, I_45

Cluster (0,7)
Prototypes: [I_50]
Number of elements: 37
Elements: I_2, I_3, I_4, I_7, I_9, I_10, I_12, I_13, I_14, I_23, I_25, I_30, I_31, I_35, I_39, I_43, I_46, I_48, I_50, I_8, I_40, I_29, I_38, I_1, I_18, I_5, I_28, I_21, I_42, I_37, I_20, I_47, I_49, I_11, I_33, I_15, I_34

Cluster (1,0)
Prototypes: [I_103]
Number of elements: 9
Elements: I_118, I_132, I_125, I_119, I_103, I_113, I_140, I_106, I_123

Cluster (1,1)
Prototypes: [I_143]
Number of elements: 15
Elements: I_115, I_142, I_146, I_78, I_102, I_143, I_148, I_150, I_84, I_111, I_114, I_122, I_134, I_120, I_147

Cluster (1,2)
Prototypes: [I_98]
Number of elements: 13
