# Topology: 2x8
# Cardinality (q): 1
# Tmin: 0.300000011921
# Tmax: 6.0
# Number of iterations: 100.0

#####################################
Repetição do experimento: 0

----------Partition----------
Cluster (0,0)
Prototypes: [I_121]
Number of elements: 22
Elements: I_101, I_103, I_105, I_110, I_113, I_115, I_116, I_118, I_119, I_121, I_125, I_129, I_133, I_136, I_137, I_140, I_141, I_142, I_144, I_145, I_146, I_149

Cluster (0,1)
Prototypes: [I_131]
Number of elements: 10
Elements: I_138, I_117, I_104, I_126, I_108, I_109, I_131, I_123, I_132, I_106

Cluster (0,2)
Prototypes: [I_73]
Number of elements: 11
Elements: I_77, I_87, I_53, I_134, I_73, I_84, I_135, I_120, I_62, I_55, I_130

Cluster (0,3)
Prototypes: [I_79]
Number of elements: 17
Elements: I_69, I_91, I_56, I_107, I_74, I_85, I_67, I_79, I_76, I_66, I_86, I_52, I_59, I_92, I_51, I_64, I_57

Cluster (0,4)
Prototypes: [I_93]
Number of elements: 7
Elements: I_70, I_83, I_63, I_68, I_93, I_60, I_96

Cluster (0,5)
Prototypes: [I_94]
Number of elements: 6
Elements: I_99, I_94, I_58, I_61, I_80, I_82

Cluster (0,6)
Prototypes: [I_60]
Number of elements: 0
Elements

Cluster (0,7)
Prototypes: [I_8]
Number of elements: 19
Elements: I_21, I_25, I_26, I_28, I_47, I_8, I_11, I_12, I_23, I_31, I_36, I_40, I_49, I_15, I_30, I_35, I_37, I_3, I_4

Cluster (1,0)
Prototypes: [I_147]
Number of elements: 15
Elements: I_71, I_139, I_128, I_150, I_78, I_127, I_124, I_102, I_111, I_122, I_143, I_147, I_148, I_114, I_112

Cluster (1,1)
Prototypes: [I_25]
Number of elements: 0
Elements

Cluster (1,2)
Prototypes: [I_82]
Number of elements: 1
Elements: I_81

Cluster (1,3)
Prototypes: [I_100]
Number of elements: 11
Elements: I_65, I_90, I_54, I_89, I_100, I_72, I_95, I_97, I_75, I_98, I_88

Cluster (1,4)
Prototypes: [I_45]
Number of elements: 1
Elements: I_45

Cluster (1,5)
Prototypes: [I_34]
Number of elements: 0
Elements

Cluster (1,6)
Prototypes: [I_27]
Number of elements: 8
Elements: I_32, I_44, I_6, I_16, I_22, I_24, I_27, I_19

Cluster (1,7)
Prototypes: [I_2]
Number of elements: 22
Elements: I_1, I_2, I_5, I_7, I_9, I_10, I_13, I_14, I_29, I_38, I_39, I_41, I_43, I_46, I_48, I_50, I_42, I_33, I_34, I_18, I_17, I_20


Critério de adequação (energia): 1.07226104786
=====================================
	Confusion Matrix
Classes			 Clusters
---------------------------------------
	0,0	0,1	0,2	0,3	0,4	0,5	0,7	1,0	1,2	1,3	1,4	1,6	1,7	Total

1	0	 0	 0	 0	 0	 0	 19	 0	 0	 0	 1	 8	 22	 50
3	22	 10	 4	 1	 0	 0	 0	 13	 0	 0	 0	 0	 0	 50
2	0	 0	 7	 16	 7	 6	 0	 2	 1	 11	 0	 0	 0	 50
Total	[22 10 11 17  7  6 19 15  1 11  1  8 22]

Matriz de pesos:
Cluster (0,0): 0.0508899908469 0.0464750135157 0.29644253928 0.606192456357
Cluster (0,1): 0.0280313267288 0.0216669505011 0.270325773086 0.679975949684
Cluster (0,2): 0.023629060859 0.00816285258917 0.10557255428 0.862635532272
Cluster (0,3): 0.0104881846785 0.00766345431858 0.881393147633 0.10045521337
Cluster (0,4): 0.0494063070195 0.0188579524434 0.769527837025 0.162207903512
Cluster (0,5): 0.0141684061511 0.0125346328118 0.144501904316 0.828795056721
Cluster (0,6): 0.803853252395 0.0409272026855 0.0856809886363 0.0695385562834
Cluster (0,7): 0.000345474042458 0.000145433531235 0.00411401178186 0.995395080644
Cluster (1,0): 0.0265221360214 0.00594666201845 0.66185283709 0.30567836487
Cluster (1,1): 0.162228362534 0.483136046213 0.192605076681 0.162030514572
Cluster (1,2): 0.131519236456 0.115550882186 0.360039134809 0.392890746549
Cluster (1,3): 0.00578946150339 0.00380282772205 0.0661193522388 0.924288358536
Cluster (1,4): 0.460198087205 0.0491929626254 0.222209113127 0.268399837043
Cluster (1,5): 0.550341820212 0.013855436844 0.216260105965 0.219542636979
Cluster (1,6): 0.00896234839553 0.00216619237929 0.830321789212 0.158549670013
Cluster (1,7): 0.0128962773885 0.00132157298744 0.811584116877 0.174198032747

Corrected Rand index: 0.429110716826
F-measure(P,Q): 0.566611387507
OERC: 0.0466666666667

#####################################
Repetição do experimento: 1

----------Partition----------
Cluster (0,0)
Prototypes: [I_27]
Number of elements: 11
Elements: I_24, I_44, I_27, I_32, I_6, I_22, I_16, I_19, I_45, I_17, I_20

Cluster (0,1)
Prototypes: [I_79]
Number of elements: 0
Elements

Cluster (0,2)
Prototypes: [I_144]
Number of elements: 1
Elements: I_144

Cluster (0,3)
Prototypes: [I_31]
Number of elements: 0
Elements

Cluster (0,4)
Prototypes: [I_95]
Number of elements: 14
Elements: I_56, I_95, I_100, I_60, I_90, I_54, I_65, I_72, I_88, I_89, I_97, I_98, I_59, I_75

Cluster (0,5)
Prototypes: [I_62]
Number of elements: 2
Elements: I_96, I_62

Cluster (0,6)
Prototypes: [I_125]
Number of elements: 18
Elements: I_145, I_101, I_117, I_121, I_130, I_137, I_138, I_141, I_149, I_104, I_109, I_110, I_126, I_133, I_105, I_135, I_125, I_129

Cluster (0,7)
Prototypes: [I_103]
Number of elements: 11
Elements: I_103, I_106, I_108, I_118, I_119, I_123, I_131, I_132, I_136, I_113, I_140

Cluster (1,0)
Prototypes: [I_50]
Number of elements: 36
Elements: I_1, I_2, I_3, I_4, I_7, I_8, I_9, I_10, I_12, I_13, I_14, I_18, I_26, I_28, I_29, I_30, I_31, I_35, I_36, I_37, I_38, I_39, I_40, I_41, I_42, I_43, I_46, I_48, I_50, I_5, I_11, I_15, I_33, I_34, I_47, I_49

Cluster (1,1)
Prototypes: [I_25]
Number of elements: 3
Elements: I_25, I_21, I_23

Cluster (1,2)
Prototypes: [I_56]
Number of elements: 0
Elements

Cluster (1,3)
Prototypes: [I_81]
Number of elements: 12
Elements: I_80, I_83, I_68, I_93, I_70, I_81, I_82, I_63, I_58, I_61, I_94, I_99

Cluster (1,4)
Prototypes: [I_79]
Number of elements: 12
Elements: I_67, I_85, I_66, I_76, I_52, I_79, I_86, I_91, I_69, I_107, I_55, I_92

Cluster (1,5)
Prototypes: [I_30]
Number of elements: 0
Elements

Cluster (1,6)
Prototypes: [I_87]
Number of elements: 10
Elements: I_57, I_87, I_51, I_64, I_71, I_74, I_77, I_139, I_127, I_53

Cluster (1,7)
Prototypes: [I_143]
Number of elements: 20
Elements: I_128, I_150, I_122, I_84, I_134, I_73, I_102, I_124, I_143, I_114, I_120, I_78, I_147, I_115, I_111, I_112, I_142, I_148, I_146, I_116


Critério de adequação (energia): 1.0827774862
=====================================
	Confusion Matrix
Classes			 Clusters
---------------------------------------
	0,0	0,2	0,4	0,5	0,6	0,7	1,0	1,1	1,3	1,4	1,6	1,7	Total

1	11	 0	 0	 0	 0	 0	 36	 3	 0	 0	 0	 0	 50
3	0	 1	 0	 0	 18	 11	 0	 0	 0	 1	 2	 17	 50
2	0	 0	 14	 2	 0	 0	 0	 0	 12	 11	 8	 3	 50
Total	[11  1 14  2 18 11 36  3 12 12 10 20]

Matriz de pesos:
Cluster (0,0): 0.0223806296514 0.00449200994252 0.596799623579 0.376327736827
Cluster (0,1): 0.468437210693 0.131215636844 0.179936355134 0.22041079733
Cluster (0,2): 0.219806392104 0.220532835963 0.344264589669 0.215396182264
Cluster (0,3): 0.282661334687 0.274619959246 0.221483270246 0.221235435821
Cluster (0,4): 0.00444602102755 0.00535847043183 0.0662291023837 0.923966406157
Cluster (0,5): 0.158537938019 0.329458788412 0.413980256431 0.0980230171373
Cluster (0,6): 0.0589338280646 0.0176573389505 0.868219208015 0.05518962497
Cluster (0,7): 0.0632425409911 0.0351614353224 0.238511468161 0.663084555526
Cluster (1,0): 0.015229218793 0.00390136059594 0.406786123102 0.574083297509
Cluster (1,1): 0.0251392957365 0.00715241534746 0.0590771515546 0.908631137361
Cluster (1,2): 0.270429657828 0.125535389407 0.281203853652 0.322831099113
Cluster (1,3): 0.0481597509331 0.0429035780277 0.228509887064 0.680426783976
Cluster (1,4): 0.00507801980868 0.00371797298301 0.914614693559 0.0765893136492
Cluster (1,5): 0.117380424823 0.606380626644 0.139639490901 0.136599457632
Cluster (1,6): 0.0126639046393 0.0201738897561 0.90086261769 0.0662995879144
Cluster (1,7): 0.0128937025516 0.0139010401046 0.927935483555 0.0452697737893

Corrected Rand index: 0.507753461611
F-measure(P,Q): 0.60137368901
OERC: 0.04

#####################################
Repetição do experimento: 2

----------Partition----------
Cluster (0,0)
Prototypes: [I_141]
Number of elements: 11
Elements: I_137, I_149, I_101, I_145, I_110, I_116, I_121, I_141, I_144, I_136, I_146

Cluster (0,1)
Prototypes: [I_27]
Number of elements: 0
Elements

Cluster (0,2)
Prototypes: [I_55]
Number of elements: 0
Elements

Cluster (0,3)
Prototypes: [I_32]
Number of elements: 6
Elements: I_6, I_32, I_16, I_17, I_22, I_27

Cluster (0,4)
Prototypes: [I_50]
Number of elements: 41
Elements: I_23, I_1, I_3, I_4, I_5, I_7, I_8, I_12, I_18, I_20, I_25, I_28, I_30, I_36, I_38, I_40, I_41, I_43, I_47, I_48, I_50, I_2, I_9, I_10, I_11, I_13, I_14, I_21, I_26, I_29, I_31, I_33, I_34, I_35, I_37, I_39, I_42, I_46, I_49, I_15, I_19

Cluster (0,5)
Prototypes: [I_96]
Number of elements: 0
Elements

Cluster (0,6)
Prototypes: [I_147]
Number of elements: 15
Elements: I_84, I_102, I_122, I_143, I_114, I_115, I_134, I_147, I_111, I_78, I_120, I_73, I_142, I_148, I_53

Cluster (0,7)
Prototypes: [I_55]
Number of elements: 17
Elements: I_59, I_77, I_52, I_55, I_57, I_92, I_64, I_79, I_85, I_51, I_67, I_86, I_87, I_69, I_107, I_56, I_74

Cluster (1,0)
Prototypes: [I_103]
Number of elements: 12
Elements: I_118, I_132, I_103, I_106, I_113, I_119, I_123, I_125, I_140, I_105, I_133, I_129

Cluster (1,1)
Prototypes: [I_126]
Number of elements: 3
Elements: I_126, I_130, I_131

Cluster (1,2)
Prototypes: [I_117]
Number of elements: 12
Elements: I_108, I_117, I_104, I_138, I_109, I_112, I_71, I_127, I_139, I_124, I_128, I_150

Cluster (1,3)
Prototypes: [I_65]
Number of elements: 1
Elements: I_65

Cluster (1,4)
Prototypes: [I_24]
Number of elements: 3
Elements: I_24, I_44, I_45

Cluster (1,5)
Prototypes: [I_135]
Number of elements: 1
Elements: I_135

Cluster (1,6)
Prototypes: [I_95]
Number of elements: 17
Elements: I_62, I_98, I_75, I_97, I_66, I_76, I_95, I_96, I_72, I_88, I_89, I_91, I_100, I_54, I_60, I_90, I_93

Cluster (1,7)
Prototypes: [I_81]
Number of elements: 11
Elements: I_61, I_63, I_68, I_70, I_81, I_82, I_83, I_94, I_58, I_80, I_99


Critério de adequação (energia): 0.902768788111
=====================================
	Confusion Matrix
Classes			 Clusters
---------------------------------------
	0,0	0,3	0,4	0,6	0,7	1,0	1,1	1,2	1,3	1,4	1,5	1,6	1,7	Total

1	0	 6	 41	 0	 0	 0	 0	 0	 0	 3	 0	 0	 0	 50
3	11	 0	 0	 11	 1	 12	 3	 11	 0	 0	 1	 0	 0	 50
2	0	 0	 0	 4	 16	 0	 0	 1	 1	 0	 0	 17	 11	 50
Total	[11  6 41 15 17 12  3 12  1  3  1 17 11]

Matriz de pesos:
Cluster (0,0): 0.0355596084545 0.034729971026 0.295118290586 0.634592129933
Cluster (0,1): 0.0679037986594 0.809700140527 0.0633583444346 0.0590377163789
Cluster (0,2): 0.312588037818 0.129736237316 0.228255981239 0.329419743627
Cluster (0,3): 0.0201269626531 0.00136315480373 0.311942950632 0.666566931911
Cluster (0,4): 0.0175146347983 0.00455061502758 0.360443136305 0.617491613869
Cluster (0,5): 0.353260669605 0.264614949233 0.168674650794 0.213449730368
Cluster (0,6): 0.0146276434459 0.00512202409513 0.952860012582 0.027390319877
Cluster (0,7): 0.00634299539619 0.00737307327699 0.860970005012 0.125313926315
Cluster (1,0): 0.0261496709415 0.0158430319715 0.116912691354 0.841094605733
Cluster (1,1): 0.141976198323 0.0178123077548 0.632900828792 0.20731066513
Cluster (1,2): 0.00646077153376 0.0067041393684 0.0187081236249 0.968126965473
Cluster (1,3): 0.356516501672 0.135538741468 0.215487764818 0.292456992042
Cluster (1,4): 0.326430463048 0.0109087580321 0.402726448904 0.259934330016
Cluster (1,5): 0.253298840047 0.116545649059 0.102417694832 0.527737816062
Cluster (1,6): 0.0134004073701 0.0154625117247 0.54746031192 0.423676768985
Cluster (1,7): 0.0493783116679 0.0433346981111 0.235553425101 0.671733565119

Corrected Rand index: 0.540993168033
F-measure(P,Q): 0.598552787287
OERC: 0.04

#####################################
Repetição do experimento: 3

----------Partition----------
Cluster (0,0)
Prototypes: [I_27]
Number of elements: 10
Elements: I_24, I_44, I_45, I_6, I_27, I_22, I_32, I_16, I_17, I_20

Cluster (0,1)
Prototypes: [I_81]
Number of elements: 3
Elements: I_65, I_81, I_70

Cluster (0,2)
Prototypes: [I_100]
Number of elements: 16
Elements: I_54, I_90, I_83, I_60, I_63, I_68, I_89, I_93, I_100, I_72, I_95, I_96, I_97, I_62, I_98, I_75

Cluster (0,3)
Prototypes: [I_135]
Number of elements: 1
Elements: I_135

Cluster (0,4)
Prototypes: [I_15]
Number of elements: 0
Elements

Cluster (0,5)
Prototypes: [I_108]
Number of elements: 3
Elements: I_131, I_108, I_126

Cluster (0,6)
Prototypes: [I_128]
Number of elements: 10
Elements: I_53, I_78, I_128, I_139, I_71, I_122, I_127, I_73, I_77, I_124

Cluster (0,7)
Prototypes: [I_92]
Number of elements: 20
Elements: I_74, I_56, I_107, I_88, I_64, I_69, I_79, I_67, I_85, I_92, I_59, I_55, I_76, I_66, I_52, I_87, I_86, I_51, I_57, I_91

Cluster (1,0)
Prototypes: [I_50]
Number of elements: 39
Elements: I_1, I_2, I_3, I_4, I_5, I_7, I_8, I_9, I_10, I_11, I_12, I_13, I_14, I_18, I_21, I_23, I_25, I_26, I_28, I_29, I_30, I_31, I_35, I_37, I_38, I_39, I_40, I_43, I_46, I_47, I_48, I_49, I_50, I_33, I_42, I_15, I_34, I_36, I_41

Cluster (1,1)
Prototypes: [I_19]
Number of elements: 1
Elements: I_19

Cluster (1,2)
Prototypes: [I_94]
Number of elements: 6
Elements: I_99, I_58, I_61, I_80, I_94, I_82

Cluster (1,3)
Prototypes: [I_21]
Number of elements: 0
Elements

Cluster (1,4)
Prototypes: [I_138]
Number of elements: 2
Elements: I_117, I_138

Cluster (1,5)
Prototypes: [I_106]
Number of elements: 6
Elements: I_106, I_123, I_119, I_136, I_118, I_132

Cluster (1,6)
Prototypes: [I_125]
Number of elements: 18
Elements: I_130, I_103, I_109, I_144, I_101, I_105, I_121, I_125, I_110, I_129, I_133, I_137, I_141, I_145, I_104, I_113, I_140, I_149

Cluster (1,7)
Prototypes: [I_143]
Number of elements: 15
Elements: I_111, I_116, I_142, I_146, I_148, I_112, I_102, I_115, I_143, I_150, I_114, I_147, I_84, I_134, I_120


Critério de adequação (energia): 0.793082181658
=====================================
	Confusion Matrix
Classes			 Clusters
---------------------------------------
	0,0	0,1	0,2	0,3	0,5	0,6	0,7	1,0	1,1	1,2	1,4	1,5	1,6	1,7	Total

1	10	 0	 0	 0	 0	 0	 0	 39	 1	 0	 0	 0	 0	 0	 50
3	0	 0	 0	 1	 3	 5	 1	 0	 0	 0	 2	 6	 18	 14	 50
2	0	 3	 16	 0	 0	 5	 19	 0	 0	 6	 0	 0	 0	 1	 50
Total	[10  3 16  1  3 10 20 39  1  6  2  6 18 15]

Matriz de pesos:
Cluster (0,0): 0.0334891391624 0.00492476397845 0.553565882761 0.408020214098
Cluster (0,1): 0.557288255009 0.011520842778 0.245494125008 0.185696777205
Cluster (0,2): 0.0383522659334 0.0148973143284 0.79349739155 0.153253028188
Cluster (0,3): 0.155986538022 0.121821827907 0.0572573545053 0.664934279566
Cluster (0,4): 0.493035424501 0.151412137617 0.13399808285 0.221554355031
Cluster (0,5): 0.155335612241 0.024964950603 0.231147645086 0.588551792071
Cluster (0,6): 0.0155369344231 0.0415287057887 0.834443645759 0.108490714029
Cluster (0,7): 0.0115088381962 0.00859949635496 0.835697226886 0.144194438563
Cluster (1,0): 0.0167640000462 0.00432340908702 0.341634242139 0.637278348728
Cluster (1,1): 0.0947964367548 0.0276233933492 0.429161421914 0.448418747982
Cluster (1,2): 0.0195184179827 0.0166469226305 0.187120245489 0.776714413898
Cluster (1,3): 0.602628000884 0.0774187020416 0.153742826444 0.166210470631
Cluster (1,4): 0.0427586026383 0.0396162790211 0.350143532987 0.567481585354
Cluster (1,5): 0.219503905901 0.00857432056049 0.440165327161 0.331756446378
Cluster (1,6): 0.0712259216582 0.018490442794 0.824515378833 0.085768256715
Cluster (1,7): 0.0111464110661 0.0113441514385 0.943957642877 0.0335517946185

Corrected Rand index: 0.539229097542
F-measure(P,Q): 0.649557800648
OERC: 0.0466666666667

#####################################
Repetição do experimento: 4

----------Partition----------
Cluster (0,0)
Prototypes: [I_93]
Number of elements: 12
Elements: I_96, I_83, I_60, I_93, I_68, I_90, I_54, I_70, I_63, I_81, I_72, I_62

Cluster (0,1)
Prototypes: [I_55]
Number of elements: 17
Elements: I_57, I_86, I_52, I_55, I_64, I_67, I_79, I_85, I_87, I_92, I_51, I_107, I_66, I_76, I_69, I_74, I_77

Cluster (0,2)
Prototypes: [I_147]
Number of elements: 20
Elements: I_142, I_111, I_128, I_150, I_78, I_115, I_71, I_122, I_139, I_134, I_53, I_84, I_120, I_73, I_102, I_114, I_124, I_127, I_143, I_147

Cluster (0,3)
Prototypes: [I_116]
Number of elements: 6
Elements: I_112, I_140, I_116, I_146, I_148, I_149

Cluster (0,4)
Prototypes: [I_129]
Number of elements: 14
Elements: I_135, I_104, I_109, I_117, I_129, I_130, I_133, I_137, I_138, I_141, I_145, I_121, I_125, I_113

Cluster (0,5)
Prototypes: [I_138]
Number of elements: 0
Elements

Cluster (0,6)
Prototypes: [I_80]
Number of elements: 1
Elements: I_80

Cluster (0,7)
Prototypes: [I_27]
Number of elements: 11
Elements: I_44, I_24, I_32, I_22, I_27, I_6, I_16, I_19, I_45, I_17, I_20

Cluster (1,0)
Prototypes: [I_98]
Number of elements: 11
Elements: I_59, I_75, I_98, I_56, I_89, I_97, I_65, I_95, I_88, I_91, I_100

Cluster (1,1)
Prototypes: [I_48]
Number of elements: 0
Elements

Cluster (1,2)
Prototypes: [I_106]
Number of elements: 3
Elements: I_103, I_123, I_106

Cluster (1,3)
Prototypes: [I_136]
Number of elements: 7
Elements: I_101, I_110, I_118, I_119, I_136, I_144, I_105

Cluster (1,4)
Prototypes: [I_131]
Number of elements: 4
Elements: I_126, I_108, I_131, I_132

Cluster (1,5)
Prototypes: [I_94]
Number of elements: 5
Elements: I_58, I_94, I_61, I_99, I_82

Cluster (1,6)
Prototypes: [I_3]
Number of elements: 0
Elements

Cluster (1,7)
Prototypes: [I_50]
Number of elements: 39
Elements: I_3, I_4, I_7, I_9, I_12, I_14, I_23, I_25, I_30, I_31, I_39, I_41, I_43, I_48, I_46, I_50, I_8, I_36, I_38, I_1, I_2, I_5, I_10, I_13, I_18, I_35, I_40, I_29, I_28, I_47, I_26, I_49, I_11, I_37, I_21, I_33, I_42, I_34, I_15


Critério de adequação (energia): 0.771362110022
=====================================
	Confusion Matrix
Classes			 Clusters
---------------------------------------
	0,0	0,1	0,2	0,3	0,4	0,6	0,7	1,0	1,2	1,3	1,4	1,5	1,7	Total

1	0	 0	 0	 0	 0	 0	 11	 0	 0	 0	 0	 0	 39	 50
3	0	 1	 15	 6	 14	 0	 0	 0	 3	 7	 4	 0	 0	 50
2	12	 16	 5	 0	 0	 1	 0	 11	 0	 0	 0	 5	 0	 50
Total	[12 17 20  6 14  1 11 11  3  7  4  5 39]

Matriz de pesos:
Cluster (0,0): 0.0402748752838 0.0133455862878 0.837443949059 0.108935589369
Cluster (0,1): 0.00611451964263 0.00578474918469 0.747530363475 0.240570367698
Cluster (0,2): 0.0197187395682 0.00552885525665 0.937280514542 0.0374718906333
Cluster (0,3): 0.0380759937991 0.0113566428023 0.907539851623 0.0430275117757
Cluster (0,4): 0.0202179464109 0.00595766869335 0.956073066603 0.0177513182924
Cluster (0,5): 0.200192289366 0.133413223798 0.353011304058 0.313383182778
Cluster (0,6): 0.511706532704 0.0269818757613 0.158724208135 0.3025873834
Cluster (0,7): 0.0232538490819 0.00466809747815 0.588317844418 0.383760209022
Cluster (1,0): 0.00859480402562 0.0114169507377 0.110032147454 0.869956097783
Cluster (1,1): 0.111711651841 0.583905158623 0.137296848655 0.16708634088
Cluster (1,2): 0.0454433879873 0.107901545927 0.128192176472 0.718462889613
Cluster (1,3): 0.0179075517475 0.0173633810059 0.315311438102 0.649417629144
Cluster (1,4): 0.0680822920185 0.00725615872144 0.46264507628 0.46201647298
Cluster (1,5): 0.0514869290285 0.0318623337257 0.201866204276 0.714784532969
Cluster (1,6): 0.228977877642 0.0538350050512 0.316460609767 0.40072650754
Cluster (1,7): 0.0167613313299 0.00432272538038 0.341610625709 0.63730531758

Corrected Rand index: 0.512638213423
F-measure(P,Q): 0.597172144894
OERC: 0.04

#####################################
Repetição do experimento: 5

----------Partition----------
Cluster (0,0)
Prototypes: [I_103]
Number of elements: 23
Elements: I_101, I_137, I_141, I_145, I_133, I_129, I_105, I_121, I_144, I_110, I_113, I_125, I_103, I_136, I_118, I_106, I_109, I_119, I_126, I_131, I_132, I_108, I_123

Cluster (0,1)
Prototypes: [I_111]
Number of elements: 1
Elements: I_111

Cluster (0,2)
Prototypes: [I_95]
Number of elements: 14
Elements: I_93, I_54, I_72, I_83, I_90, I_60, I_97, I_100, I_75, I_98, I_56, I_88, I_66, I_76

Cluster (0,3)
Prototypes: [I_81]
Number of elements: 2
Elements: I_81, I_99

Cluster (0,4)
Prototypes: [I_25]
Number of elements: 0
Elements

Cluster (0,5)
Prototypes: [I_91]
Number of elements: 2
Elements: I_91, I_85

Cluster (0,6)
Prototypes: [I_96]
Number of elements: 2
Elements: I_62, I_96

Cluster (0,7)
Prototypes: [I_50]
Number of elements: 27
Elements: I_1, I_2, I_3, I_4, I_8, I_9, I_12, I_14, I_23, I_25, I_26, I_30, I_31, I_35, I_36, I_39, I_40, I_43, I_48, I_50, I_29, I_21, I_37, I_5, I_15, I_28, I_47

Cluster (1,0)
Prototypes: [I_148]
Number of elements: 18
Elements: I_84, I_134, I_135, I_102, I_114, I_143, I_147, I_150, I_78, I_112, I_115, I_148, I_116, I_142, I_146, I_140, I_149, I_120

Cluster (1,1)
Prototypes: [I_57]
Number of elements: 21
Elements: I_52, I_57, I_51, I_53, I_71, I_86, I_87, I_92, I_139, I_55, I_59, I_64, I_69, I_74, I_77, I_79, I_127, I_73, I_107, I_124, I_128

Cluster (1,2)
Prototypes: [I_117]
Number of elements: 4
Elements: I_104, I_117, I_138, I_130

Cluster (1,3)
Prototypes: [I_82]
Number of elements: 7
Elements: I_68, I_63, I_80, I_82, I_58, I_61, I_94

Cluster (1,4)
Prototypes: [I_146]
Number of elements: 0
Elements

Cluster (1,5)
Prototypes: [I_89]
Number of elements: 6
Elements: I_65, I_67, I_89, I_70, I_95, I_122

Cluster (1,6)
Prototypes: [I_139]
Number of elements: 0
Elements

Cluster (1,7)
Prototypes: [I_20]
Number of elements: 23
Elements: I_32, I_11, I_19, I_49, I_6, I_16, I_17, I_20, I_33, I_34, I_45, I_22, I_44, I_24, I_18, I_27, I_38, I_41, I_7, I_10, I_46, I_13, I_42


Critério de adequação (energia): 1.42410546861
=====================================
	Confusion Matrix
Classes			 Clusters
---------------------------------------
	0,0	0,1	0,2	0,3	0,5	0,6	0,7	1,0	1,1	1,2	1,3	1,5	1,7	Total

1	0	 0	 0	 0	 0	 0	 27	 0	 0	 0	 0	 0	 23	 50
3	23	 1	 0	 0	 0	 0	 0	 16	 5	 4	 0	 1	 0	 50
2	0	 0	 14	 2	 2	 2	 0	 2	 16	 0	 7	 5	 0	 50
Total	[23  1 14  2  2  2 27 18 21  4  7  6 23]

Matriz de pesos:
Cluster (0,0): 0.078891138186 0.0475440539213 0.53574298039 0.337821827503
Cluster (0,1): 0.165436783511 0.114475158474 0.465769688254 0.25431836976
Cluster (0,2): 0.0101410900022 0.015597191268 0.316118326327 0.658143392403
Cluster (0,3): 0.0164919007564 0.0419539927374 0.0212461815392 0.920307924967
Cluster (0,4): 0.554531744115 0.0852548607991 0.203468995033 0.156744400053
Cluster (0,5): 0.227824104372 0.00428957200411 0.745184844271 0.0227014793522
Cluster (0,6): 0.245557588169 0.461737440295 0.165501783402 0.127203188134
Cluster (0,7): 0.00674714852926 0.00367791125146 0.10598769597 0.883587244249
Cluster (1,0): 0.0305719725067 0.0163331235409 0.897046483495 0.0560484204575
Cluster (1,1): 0.0221444859744 0.00518942640435 0.866971760806 0.105694326815
Cluster (1,2): 0.050945872922 0.193942912898 0.412339217917 0.342771996264
Cluster (1,3): 0.00771069029285 0.00784792523516 0.0622908141046 0.922150570367
Cluster (1,4): 0.138174244697 0.221229641572 0.503056325917 0.137539787814
Cluster (1,5): 0.998771389685 0.000138942774129 0.000801349863235 0.000288317677292
Cluster (1,6): 0.46138127861 0.218893416001 0.169640442702 0.150084862687
Cluster (1,7): 0.037686006062 0.00403350484557 0.778639416232 0.17964107286

Corrected Rand index: 0.492546195424
F-measure(P,Q): 0.594046637651
OERC: 0.0533333333333

#####################################
Repetição do experimento: 6

----------Partition----------
Cluster (0,0)
Prototypes: [I_147]
Number of elements: 22
Elements: I_73, I_134, I_84, I_78, I_71, I_120, I_124, I_127, I_128, I_139, I_150, I_147, I_102, I_122, I_143, I_114, I_111, I_148, I_115, I_142, I_146, I_53

Cluster (0,1)
Prototypes: [I_100]
Number of elements: 0
Elements

Cluster (0,2)
Prototypes: [I_94]
Number of elements: 6
Elements: I_94, I_58, I_82, I_99, I_80, I_61

Cluster (0,3)
Prototypes: [I_60]
Number of elements: 1
Elements: I_60

Cluster (0,4)
Prototypes: [I_93]
Number of elements: 10
Elements: I_68, I_70, I_81, I_83, I_54, I_63, I_90, I_93, I_72, I_62

Cluster (0,5)
Prototypes: [I_89]
Number of elements: 1
Elements: I_96

Cluster (0,6)
Prototypes: [I_25]
Number of elements: 2
Elements: I_25, I_45

Cluster (0,7)
Prototypes: [I_20]
Number of elements: 40
Elements: I_1, I_2, I_4, I_5, I_6, I_7, I_8, I_9, I_10, I_11, I_12, I_13, I_16, I_17, I_18, I_19, I_20, I_21, I_22, I_24, I_26, I_27, I_28, I_29, I_30, I_31, I_32, I_33, I_34, I_35, I_38, I_40, I_41, I_42, I_44, I_46, I_47, I_48, I_49, I_50

Cluster (1,0)
Prototypes: [I_103]
Number of elements: 13
Elements: I_101, I_103, I_105, I_109, I_110, I_121, I_125, I_126, I_130, I_131, I_136, I_144, I_145

Cluster (1,1)
Prototypes: [I_113]
Number of elements: 13
Elements: I_113, I_116, I_140, I_149, I_133, I_117, I_129, I_138, I_141, I_104, I_135, I_137, I_112

Cluster (1,2)
Prototypes: [I_106]
Number of elements: 6
Elements: I_119, I_106, I_118, I_123, I_132, I_108

Cluster (1,3)
Prototypes: [I_105]
Number of elements: 0
Elements

Cluster (1,4)
Prototypes: [I_100]
Number of elements: 9
Elements: I_65, I_75, I_95, I_97, I_98, I_56, I_88, I_89, I_100

Cluster (1,5)
Prototypes: [I_92]
Number of elements: 19
Elements: I_52, I_67, I_76, I_79, I_85, I_51, I_55, I_64, I_66, I_77, I_86, I_87, I_92, I_57, I_59, I_107, I_69, I_74, I_91

Cluster (1,6)
Prototypes: [I_113]
Number of elements: 0
Elements

Cluster (1,7)
Prototypes: [I_36]
Number of elements: 8
Elements: I_23, I_14, I_36, I_39, I_3, I_37, I_43, I_15


Critério de adequação (energia): 0.80536651357
=====================================
	Confusion Matrix
Classes			 Clusters
---------------------------------------
	0,0	0,2	0,3	0,4	0,5	0,6	0,7	1,0	1,1	1,2	1,4	1,5	1,7	Total

1	0	 0	 0	 0	 0	 2	 40	 0	 0	 0	 0	 0	 8	 50
3	17	 0	 0	 0	 0	 0	 0	 13	 13	 6	 0	 1	 0	 50
2	5	 6	 1	 10	 1	 0	 0	 0	 0	 0	 9	 18	 0	 50
Total	[22  6  1 10  1  2 40 13 13  6  9 19  8]

Matriz de pesos:
Cluster (0,0): 0.0224099749436 0.00552799713224 0.927721936809 0.044340091115
Cluster (0,1): 0.202164802485 0.256730260182 0.355273847647 0.185831089687
Cluster (0,2): 0.034112300475 0.0333490575537 0.243557030795 0.688981611177
Cluster (0,3): 0.0191215144084 0.0280037851881 0.443639376883 0.509235323521
Cluster (0,4): 0.0468613802472 0.0089975663303 0.811749196226 0.132391857197
Cluster (0,5): 0.0755790330602 0.060995819992 0.472870325659 0.390554821289
Cluster (0,6): 0.0846936966664 0.0235512733842 0.307734716617 0.584020313333
Cluster (0,7): 0.0301521287272 0.00280425770314 0.79907838562 0.16796522795
Cluster (1,0): 0.0329682216542 0.0192257263749 0.891914493826 0.0558915581448
Cluster (1,1): 0.0178799770742 0.0154124408044 0.934575703236 0.0321318788857
Cluster (1,2): 0.156791101509 0.0120803571559 0.54379979801 0.287328743326
Cluster (1,3): 0.13788099821 0.280483456891 0.315465039016 0.266170505884
Cluster (1,4): 0.0052317256036 0.0188134230923 0.0514717491923 0.924483102112
Cluster (1,5): 0.0110405170091 0.00826476978895 0.831976136241 0.148718576961
Cluster (1,6): 0.145994113097 0.519677371865 0.187243061073 0.147085453965
Cluster (1,7): 0.00381309144953 0.00250652836002 0.382986658568 0.610693721622

Corrected Rand index: 0.533669690771
F-measure(P,Q): 0.627616747182
OERC: 0.04

#####################################
Repetição do experimento: 7

----------Partition----------
Cluster (0,0)
Prototypes: [I_106]
Number of elements: 8
Elements: I_108, I_118, I_119, I_123, I_131, I_132, I_106, I_136

Cluster (0,1)
Prototypes: [I_141]
Number of elements: 22
Elements: I_117, I_138, I_113, I_140, I_141, I_130, I_104, I_145, I_137, I_135, I_133, I_149, I_101, I_121, I_129, I_109, I_125, I_103, I_105, I_110, I_126, I_144

Cluster (0,2)
Prototypes: [I_35]
Number of elements: 0
Elements

Cluster (0,3)
Prototypes: [I_128]
Number of elements: 1
Elements: I_128

Cluster (0,4)
Prototypes: [I_41]
Number of elements: 0
Elements

Cluster (0,5)
Prototypes: [I_79]
Number of elements: 0
Elements

Cluster (0,6)
Prototypes: [I_24]
Number of elements: 0
Elements

Cluster (0,7)
Prototypes: [I_50]
Number of elements: 34
Elements: I_2, I_3, I_4, I_8, I_9, I_10, I_11, I_12, I_13, I_14, I_21, I_25, I_26, I_28, I_30, I_31, I_33, I_34, I_35, I_37, I_38, I_39, I_40, I_43, I_47, I_48, I_49, I_15, I_5, I_23, I_29, I_50, I_1, I_36

Cluster (1,0)
Prototypes: [I_143]
Number of elements: 17
Elements: I_120, I_84, I_134, I_78, I_102, I_114, I_143, I_147, I_150, I_111, I_112, I_115, I_148, I_142, I_146, I_116, I_122

Cluster (1,1)
Prototypes: [I_57]
Number of elements: 14
Elements: I_64, I_74, I_51, I_77, I_53, I_57, I_69, I_107, I_71, I_73, I_127, I_139, I_87, I_124

Cluster (1,2)
Prototypes: [I_67]
Number of elements: 10
Elements: I_66, I_62, I_76, I_52, I_67, I_79, I_85, I_92, I_86, I_55

Cluster (1,3)
Prototypes: [I_100]
Number of elements: 18
Elements: I_60, I_90, I_95, I_54, I_56, I_65, I_72, I_83, I_88, I_91, I_93, I_97, I_100, I_89, I_75, I_96, I_98, I_59

Cluster (1,4)
Prototypes: [I_81]
Number of elements: 3
Elements: I_81, I_99, I_70

Cluster (1,5)
Prototypes: [I_82]
Number of elements: 7
Elements: I_80, I_63, I_68, I_82, I_58, I_61, I_94

Cluster (1,6)
Prototypes: [I_24]
Number of elements: 3
Elements: I_44, I_45, I_24

Cluster (1,7)
Prototypes: [I_20]
Number of elements: 13
Elements: I_6, I_17, I_18, I_20, I_22, I_27, I_32, I_41, I_46, I_16, I_7, I_19, I_42


Critério de adequação (energia): 0.920373435051
=====================================
	Confusion Matrix
Classes			 Clusters
---------------------------------------
	0,0	0,1	0,3	0,7	1,0	1,1	1,2	1,3	1,4	1,5	1,6	1,7	Total

1	0	 0	 0	 34	 0	 0	 0	 0	 0	 0	 3	 13	 50
3	8	 22	 1	 0	 15	 4	 0	 0	 0	 0	 0	 0	 50
2	0	 0	 0	 0	 2	 10	 10	 18	 3	 7	 0	 0	 50
Total	[ 8 22  1 34 17 14 10 18  3  7  3 13]

Matriz de pesos:
Cluster (0,0): 0.100386454933 0.0409475596251 0.414244091611 0.444421893831
Cluster (0,1): 0.050108596687 0.0211696579229 0.907415652285 0.0213060931052
Cluster (0,2): 0.0667877348772 0.835133311998 0.0514685728221 0.0466103803025
Cluster (0,3): 0.26464412399 0.142988128951 0.414627656645 0.177740090413
Cluster (0,4): 0.55070426445 0.0821850750062 0.159849192355 0.207261468188
Cluster (0,5): 0.170196699716 0.0745009785767 0.461327849616 0.29397447209
Cluster (0,6): 0.11382555891 0.0373525549978 0.713591290547 0.135230595545
Cluster (0,7): 0.0113215925524 0.00344368479175 0.212184856069 0.773049866587
Cluster (1,0): 0.0102343504539 0.0108433753017 0.941841405817 0.037080868427
Cluster (1,1): 0.0168347112593 0.00424386501451 0.881253027845 0.0976683958807
Cluster (1,2): 0.0044763541367 0.0201187591491 0.609614023665 0.365790863049
Cluster (1,3): 0.0190826543909 0.0159798155664 0.200116691818 0.764820838224
Cluster (1,4): 0.0162568699308 0.0267305060756 0.021058218292 0.935954405702
Cluster (1,5): 0.0028601309033 0.00278973795314 0.023123590593 0.971226540551
Cluster (1,6): 0.410993642136 0.00833804022901 0.284986381023 0.295681936612
Cluster (1,7): 0.0176978838133 0.0021450102305 0.566111726252 0.414045379704

Corrected Rand index: 0.509452718847
F-measure(P,Q): 0.65001556178
OERC: 0.04

#####################################
Repetição do experimento: 8

----------Partition----------
Cluster (0,0)
Prototypes: [I_92]
Number of elements: 21
Elements: I_85, I_67, I_74, I_107, I_79, I_92, I_88, I_64, I_69, I_86, I_76, I_52, I_55, I_59, I_66, I_57, I_77, I_87, I_51, I_56, I_91

Cluster (0,1)
Prototypes: [I_78]
Number of elements: 2
Elements: I_78, I_53

Cluster (0,2)
Prototypes: [I_21]
Number of elements: 0
Elements

Cluster (0,3)
Prototypes: [I_18]
Number of elements: 0
Elements

Cluster (0,4)
Prototypes: [I_139]
Number of elements: 3
Elements: I_71, I_122, I_73

Cluster (0,5)
Prototypes: [I_93]
Number of elements: 18
Elements: I_65, I_68, I_70, I_81, I_83, I_90, I_95, I_100, I_54, I_89, I_93, I_96, I_97, I_63, I_60, I_72, I_98, I_75

Cluster (0,6)
Prototypes: [I_94]
Number of elements: 6
Elements: I_99, I_94, I_58, I_61, I_80, I_82

Cluster (0,7)
Prototypes: [I_27]
Number of elements: 11
Elements: I_22, I_24, I_27, I_44, I_45, I_6, I_32, I_16, I_17, I_19, I_20

Cluster (1,0)
Prototypes: [I_148]
Number of elements: 16
Elements: I_111, I_112, I_115, I_116, I_140, I_142, I_146, I_148, I_149, I_147, I_102, I_143, I_84, I_114, I_134, I_120

Cluster (1,1)
Prototypes: [I_105]
Number of elements: 16
Elements: I_145, I_101, I_137, I_141, I_110, I_121, I_144, I_136, I_105, I_103, I_125, I_129, I_130, I_133, I_135, I_113

Cluster (1,2)
Prototypes: [I_62]
Number of elements: 1
Elements: I_62

Cluster (1,3)
Prototypes: [I_118]
Number of elements: 5
Elements: I_118, I_119, I_106, I_132, I_123

Cluster (1,4)
Prototypes: [I_104]
Number of elements: 12
Elements: I_108, I_131, I_117, I_138, I_104, I_124, I_126, I_127, I_128, I_109, I_139, I_150

Cluster (1,5)
Prototypes: [I_126]
Number of elements: 0
Elements

Cluster (1,6)
Prototypes: [I_19]
Number of elements: 0
Elements

Cluster (1,7)
Prototypes: [I_50]
Number of elements: 39
Elements: I_14, I_2, I_3, I_4, I_7, I_8, I_9, I_10, I_12, I_13, I_23, I_30, I_31, I_35, I_38, I_39, I_43, I_46, I_48, I_50, I_26, I_40, I_1, I_5, I_29, I_28, I_21, I_37, I_49, I_11, I_42, I_33, I_15, I_34, I_36, I_18, I_41, I_47, I_25


Critério de adequação (energia): 0.893966824418
=====================================
	Confusion Matrix
Classes			 Clusters
---------------------------------------
	0,0	0,1	0,4	0,5	0,6	0,7	1,0	1,1	1,2	1,3	1,4	1,7	Total

1	0	 0	 0	 0	 0	 11	 0	 0	 0	 0	 0	 39	 50
3	1	 0	 1	 0	 0	 0	 15	 16	 0	 5	 12	 0	 50
2	20	 2	 2	 18	 6	 0	 1	 0	 1	 0	 0	 0	 50
Total	[21  2  3 18  6 11 16 16  1  5 12 39]

Matriz de pesos:
Cluster (0,0): 0.0115942928987 0.00866960445491 0.834633742608 0.145102360038
Cluster (0,1): 0.103534317414 0.116853994339 0.656716856567 0.12289483168
Cluster (0,2): 0.192291704844 0.553985716073 0.133206518023 0.120516061061
Cluster (0,3): 0.164122513603 0.481850644637 0.149884420557 0.204142421204
Cluster (0,4): 0.0570477734674 0.0136480900293 0.837280277111 0.0920238593925
Cluster (0,5): 0.0555335201351 0.0206010534035 0.64174137201 0.282124054451
Cluster (0,6): 0.0315059998934 0.0206462144007 0.232762104992 0.715085680714
Cluster (0,7): 0.0270581277303 0.00537665881286 0.559815649164 0.407749564293
Cluster (1,0): 0.0203983973983 0.0109425804441 0.921591624756 0.0470673974019
Cluster (1,1): 0.0330240940863 0.023786901286 0.880896842292 0.0622921623352
Cluster (1,2): 0.119640647343 0.363921853427 0.232382241554 0.284055257676
Cluster (1,3): 0.242311684652 0.00240207418321 0.544246121334 0.211040119831
Cluster (1,4): 0.00457005988855 0.0185130816202 0.0254829702103 0.951433888281
Cluster (1,5): 0.0834551377751 0.16330447083 0.226988754847 0.526251636548
Cluster (1,6): 0.0696086158624 0.0224388978364 0.431295396657 0.476657089644
Cluster (1,7): 0.0167682154137 0.00432444022008 0.34165395952 0.637253384847

Corrected Rand index: 0.563745390196
F-measure(P,Q): 0.641544420307
OERC: 0.02

#####################################
Repetição do experimento: 9

----------Partition----------
Cluster (0,0)
Prototypes: [I_27]
Number of elements: 10
Elements: I_24, I_44, I_32, I_27, I_6, I_22, I_16, I_19, I_17, I_20

Cluster (0,1)
Prototypes: [I_96]
Number of elements: 0
Elements

Cluster (0,2)
Prototypes: [I_68]
Number of elements: 1
Elements: I_68

Cluster (0,3)
Prototypes: [I_95]
Number of elements: 15
Elements: I_89, I_95, I_97, I_100, I_54, I_91, I_72, I_88, I_98, I_75, I_56, I_90, I_59, I_74, I_65

Cluster (0,4)
Prototypes: [I_94]
Number of elements: 6
Elements: I_58, I_94, I_99, I_61, I_82, I_80

Cluster (0,5)
Prototypes: [I_45]
Number of elements: 1
Elements: I_45

Cluster (0,6)
Prototypes: [I_19]
Number of elements: 0
Elements

Cluster (0,7)
Prototypes: [I_111]
Number of elements: 8
Elements: I_111, I_148, I_112, I_114, I_122, I_147, I_102, I_143

Cluster (1,0)
Prototypes: [I_50]
Number of elements: 39
Elements: I_33, I_15, I_34, I_11, I_47, I_49, I_5, I_1, I_28, I_37, I_38, I_18, I_41, I_21, I_29, I_40, I_8, I_23, I_50, I_36, I_12, I_10, I_25, I_2, I_26, I_35, I_13, I_3, I_4, I_7, I_30, I_31, I_42, I_46, I_48, I_43, I_9, I_14, I_39

Cluster (1,1)
Prototypes: [I_18]
Number of elements: 0
Elements

Cluster (1,2)
Prototypes: [I_134]
Number of elements: 5
Elements: I_115, I_84, I_78, I_142, I_146

Cluster (1,3)
Prototypes: [I_87]
Number of elements: 22
Elements: I_67, I_120, I_79, I_85, I_86, I_57, I_64, I_69, I_73, I_92, I_52, I_53, I_55, I_77, I_87, I_134, I_135, I_51, I_62, I_66, I_76, I_130

Cluster (1,4)
Prototypes: [I_93]
Number of elements: 6
Elements: I_63, I_70, I_83, I_93, I_96, I_81

Cluster (1,5)
Prototypes: [I_60]
Number of elements: 1
Elements: I_60

Cluster (1,6)
Prototypes: [I_117]
Number of elements: 14
Elements: I_71, I_124, I_127, I_128, I_139, I_150, I_107, I_138, I_117, I_104, I_109, I_108, I_126, I_131

Cluster (1,7)
Prototypes: [I_105]
Number of elements: 22
Elements: I_101, I_103, I_105, I_106, I_110, I_113, I_116, I_118, I_119, I_121, I_123, I_125, I_129, I_132, I_133, I_136, I_137, I_140, I_141, I_144, I_145, I_149


Critério de adequação (energia): 1.18369096199
=====================================
	Confusion Matrix
Classes			 Clusters
---------------------------------------
	0,0	0,2	0,3	0,4	0,5	0,7	1,0	1,2	1,3	1,4	1,5	1,6	1,7	Total

1	10	 0	 0	 0	 1	 0	 39	 0	 0	 0	 0	 0	 0	 50
3	0	 0	 0	 0	 0	 8	 0	 3	 4	 0	 0	 13	 22	 50
2	0	 1	 15	 6	 0	 0	 0	 2	 18	 6	 1	 1	 0	 50
Total	[10  1 15  6  1  8 39  5 22  6  1 14 22]

Matriz de pesos:
Cluster (0,0): 0.0170990291388 0.00368954534662 0.694134390779 0.285077034736
Cluster (0,1): 0.630516586808 0.0702285095141 0.0986523808957 0.200602522782
Cluster (0,2): 0.174264296939 0.173654400894 0.547435195144 0.104646107024
Cluster (0,3): 0.00847374563894 0.0103022009366 0.103921943175 0.877302110249
Cluster (0,4): 0.0190258171425 0.016483147041 0.176725909463 0.787765126353
Cluster (0,5): 0.732172486572 0.0104543320284 0.128867501734 0.128505679665
Cluster (0,6): 0.605532506665 0.116050909283 0.140651340663 0.13776524339
Cluster (0,7): 0.00926234462063 0.0033620331253 0.572934363327 0.414441258927
Cluster (1,0): 0.0167385258121 0.00431764645395 0.341487177962 0.637456649772
Cluster (1,1): 0.301212121903 0.109721189564 0.309748308098 0.279318380435
Cluster (1,2): 0.0149525822625 0.0365914810636 0.940866628405 0.00758930826883
Cluster (1,3): 0.0142733950525 0.0105235828369 0.155939302461 0.819263719649
Cluster (1,4): 0.0970625856651 0.0157243649083 0.608560494782 0.278652554644
Cluster (1,5): 0.0781736258762 0.199294934367 0.25343113656 0.469100303197
Cluster (1,6): 0.00769334506246 0.0160106878018 0.0433789295914 0.932917037544
Cluster (1,7): 0.0379618793021 0.0430234865298 0.320695621155 0.598319013013

Corrected Rand index: 0.54790821652
F-measure(P,Q): 0.662505201831
OERC: 0.0466666666667

#####################################
Repetição do experimento: 10

----------Partition----------
Cluster (0,0)
Prototypes: [I_93]
Number of elements: 17
Elements: I_65, I_60, I_68, I_70, I_72, I_83, I_93, I_95, I_97, I_100, I_80, I_81, I_82, I_90, I_91, I_54, I_63

Cluster (0,1)
Prototypes: [I_92]
Number of elements: 17
Elements: I_135, I_64, I_92, I_55, I_79, I_52, I_59, I_66, I_69, I_76, I_51, I_56, I_77, I_87, I_88, I_75, I_98

Cluster (0,2)
Prototypes: [I_125]
Number of elements: 2
Elements: I_145, I_125

Cluster (0,3)
Prototypes: [I_38]
Number of elements: 0
Elements

Cluster (0,4)
Prototypes: [I_148]
Number of elements: 0
Elements

Cluster (0,5)
Prototypes: [I_71]
Number of elements: 1
Elements: I_86

Cluster (0,6)
Prototypes: [I_58]
Number of elements: 3
Elements: I_58, I_107, I_25

Cluster (0,7)
Prototypes: [I_44]
Number of elements: 11
Elements: I_94, I_99, I_61, I_44, I_27, I_45, I_22, I_41, I_36, I_26, I_8

Cluster (1,0)
Prototypes: [I_128]
Number of elements: 20
Elements: I_111, I_124, I_128, I_71, I_115, I_127, I_139, I_147, I_102, I_114, I_143, I_122, I_53, I_84, I_134, I_73, I_120, I_57, I_74, I_142

Cluster (1,1)
Prototypes: [I_104]
Number of elements: 9
Elements: I_109, I_104, I_117, I_138, I_112, I_126, I_131, I_108, I_150

Cluster (1,2)
Prototypes: [I_106]
Number of elements: 5
Elements: I_106, I_123, I_119, I_118, I_132

Cluster (1,3)
Prototypes: [I_121]
Number of elements: 7
Elements: I_137, I_101, I_110, I_149, I_141, I_121, I_144

Cluster (1,4)
Prototypes: [I_105]
Number of elements: 5
Elements: I_105, I_133, I_140, I_116, I_129

Cluster (1,5)
