# Topology: 2x8
# Cardinality (q): 1
# Tmin: 0.300000011921
# Tmax: 7.0
# Number of iterations: 50.0

#####################################
Repetição do experimento: 0

----------Partition----------
Cluster (0,0)
Prototypes: [I_50]
Number of elements: 17
Elements: I_2, I_9, I_13, I_14, I_39, I_48, I_50, I_29, I_1, I_5, I_28, I_37, I_38, I_11, I_49, I_15, I_34

Cluster (0,1)
Prototypes: [I_18]
Number of elements: 7
Elements: I_46, I_41, I_18, I_20, I_7, I_17, I_42

Cluster (0,2)
Prototypes: [I_12]
Number of elements: 12
Elements: I_25, I_23, I_3, I_8, I_21, I_30, I_36, I_40, I_43, I_4, I_12, I_35

Cluster (0,3)
Prototypes: [I_10]
Number of elements: 1
Elements: I_10

Cluster (0,4)
Prototypes: [I_81]
Number of elements: 12
Elements: I_80, I_68, I_70, I_81, I_82, I_83, I_63, I_93, I_58, I_94, I_99, I_61

Cluster (0,5)
Prototypes: [I_55]
Number of elements: 22
Elements: I_62, I_67, I_64, I_66, I_76, I_79, I_85, I_92, I_52, I_55, I_77, I_51, I_87, I_53, I_73, I_134, I_135, I_120, I_69, I_57, I_86, I_130

Cluster (0,6)
Prototypes: [I_104]
Number of elements: 11
Elements: I_108, I_104, I_117, I_126, I_138, I_109, I_131, I_112, I_123, I_132, I_150

Cluster (0,7)
Prototypes: [I_121]
Number of elements: 23
Elements: I_103, I_105, I_106, I_110, I_113, I_118, I_119, I_121, I_125, I_129, I_133, I_136, I_140, I_141, I_142, I_144, I_145, I_146, I_115, I_116, I_101, I_137, I_149

Cluster (1,0)
Prototypes: [I_27]
Number of elements: 13
Elements: I_44, I_24, I_27, I_45, I_22, I_26, I_31, I_6, I_47, I_32, I_16, I_19, I_33

Cluster (1,1)
Prototypes: [I_107]
Number of elements: 1
Elements: I_107

Cluster (1,2)
Prototypes: [I_125]
Number of elements: 0
Elements

Cluster (1,3)
Prototypes: [I_8]
Number of elements: 0
Elements

Cluster (1,4)
Prototypes: [I_97]
Number of elements: 17
Elements: I_60, I_65, I_89, I_97, I_100, I_95, I_72, I_90, I_96, I_54, I_56, I_74, I_91, I_98, I_75, I_88, I_59

Cluster (1,5)
Prototypes: [I_9]
Number of elements: 0
Elements

Cluster (1,6)
Prototypes: [I_1]
Number of elements: 0
Elements

Cluster (1,7)
Prototypes: [I_128]
Number of elements: 14
Elements: I_71, I_139, I_78, I_127, I_128, I_124, I_102, I_122, I_143, I_84, I_111, I_114, I_147, I_148


Critério de adequação (energia): 1.4319844893
=====================================
	Confusion Matrix
Classes			 Clusters
---------------------------------------
	0,0	0,1	0,2	0,3	0,4	0,5	0,6	0,7	1,0	1,1	1,4	1,7	Total

1	17	 7	 12	 1	 0	 0	 0	 0	 13	 0	 0	 0	 50
3	0	 0	 0	 0	 0	 4	 11	 23	 0	 1	 0	 11	 50
2	0	 0	 0	 0	 12	 18	 0	 0	 0	 0	 17	 3	 50
Total	[17  7 12  1 12 22 11 23 13  1 17 14]

Matriz de pesos:
Cluster (0,0): 0.00768110047781 0.00209620458915 0.510927627376 0.479295067557
Cluster (0,1): 0.00682425022042 0.000792916200909 0.585500989938 0.406881843641
Cluster (0,2): 0.000605517401883 0.000614385682615 0.00251593970467 0.996264157211
Cluster (0,3): 0.445379760762 0.124508831477 0.218212046502 0.211899361259
Cluster (0,4): 0.0491209199724 0.0436376599977 0.231774921175 0.675466498854
Cluster (0,5): 0.0251734641633 0.0176046143966 0.232961355689 0.724260565751
Cluster (0,6): 0.0178567170787 0.077554013274 0.20539834326 0.699190926388
Cluster (0,7): 0.05309207599 0.0498349122133 0.301777105814 0.595295905983
Cluster (1,0): 0.0222592653973 0.00408656303799 0.887235513676 0.0864186578887
Cluster (1,1): 0.870511484504 0.026397027087 0.0551944538748 0.0478970345342
Cluster (1,2): 0.0191432976477 0.948625582967 0.016625681026 0.0156054383594
Cluster (1,3): 0.423298458173 0.175235926205 0.187542434097 0.213923181526
Cluster (1,4): 0.022069205393 0.0100376261582 0.174568606409 0.79332456204
Cluster (1,5): 0.0651896932237 0.723118509814 0.0935418244247 0.118149972538
Cluster (1,6): 0.292421071696 0.360979162527 0.167387660303 0.179212105474
Cluster (1,7): 0.0386014042407 0.021312754728 0.659180826734 0.280905014298

Corrected Rand index: 0.427620610974
F-measure(P,Q): 0.548354119812
OERC: 0.0466666666667

#####################################
Repetição do experimento: 1

----------Partition----------
Cluster (0,0)
Prototypes: [I_136]
Number of elements: 14
Elements: I_106, I_119, I_123, I_136, I_103, I_108, I_101, I_105, I_110, I_126, I_131, I_144, I_118, I_132

Cluster (0,1)
Prototypes: [I_113]
Number of elements: 18
Elements: I_140, I_113, I_117, I_129, I_133, I_138, I_104, I_116, I_130, I_135, I_137, I_141, I_145, I_149, I_109, I_112, I_121, I_125

Cluster (0,2)
Prototypes: [I_62]
Number of elements: 1
Elements: I_62

Cluster (0,3)
Prototypes: [I_82]
Number of elements: 9
Elements: I_99, I_58, I_61, I_94, I_82, I_81, I_80, I_70, I_63

Cluster (0,4)
Prototypes: [I_24]
Number of elements: 2
Elements: I_45, I_24

Cluster (0,5)
Prototypes: [I_22]
Number of elements: 5
Elements: I_22, I_32, I_6, I_16, I_17

Cluster (0,6)
Prototypes: [I_147]
Number of elements: 0
Elements

Cluster (0,7)
Prototypes: [I_21]
Number of elements: 5
Elements: I_19, I_21, I_25, I_26, I_47

Cluster (1,0)
Prototypes: [I_147]
Number of elements: 22
Elements: I_120, I_127, I_139, I_71, I_124, I_78, I_84, I_128, I_134, I_122, I_147, I_150, I_102, I_114, I_143, I_111, I_115, I_148, I_142, I_146, I_53, I_73

Cluster (1,1)
Prototypes: [I_68]
Number of elements: 3
Elements: I_83, I_93, I_68

Cluster (1,2)
Prototypes: [I_95]
Number of elements: 17
Elements: I_65, I_89, I_96, I_97, I_100, I_56, I_60, I_72, I_95, I_54, I_90, I_91, I_88, I_98, I_74, I_75, I_59

Cluster (1,3)
Prototypes: [I_55]
Number of elements: 16
Elements: I_57, I_64, I_67, I_85, I_107, I_51, I_52, I_55, I_69, I_77, I_79, I_86, I_87, I_92, I_66, I_76

Cluster (1,4)
Prototypes: [I_84]
Number of elements: 0
Elements

Cluster (1,5)
Prototypes: [I_27]
Number of elements: 5
Elements: I_27, I_44, I_12, I_30, I_31

Cluster (1,6)
Prototypes: [I_68]
Number of elements: 0
Elements

Cluster (1,7)
Prototypes: [I_50]
Number of elements: 33
Elements: I_1, I_2, I_3, I_4, I_5, I_7, I_8, I_9, I_10, I_11, I_13, I_14, I_15, I_18, I_20, I_23, I_28, I_29, I_33, I_34, I_35, I_36, I_37, I_38, I_39, I_40, I_41, I_42, I_43, I_46, I_48, I_49, I_50


Critério de adequação (energia): 1.19949906711
=====================================
	Confusion Matrix
Classes			 Clusters
---------------------------------------
	0,0	0,1	0,2	0,3	0,4	0,5	0,7	1,0	1,1	1,2	1,3	1,5	1,7	Total

1	0	 0	 0	 0	 2	 5	 5	 0	 0	 0	 0	 5	 33	 50
3	14	 18	 0	 0	 0	 0	 0	 17	 0	 0	 1	 0	 0	 50
2	0	 0	 1	 9	 0	 0	 0	 5	 3	 17	 15	 0	 0	 50
Total	[14 18  1  9  2  5  5 22  3 17 16  5 33]

Matriz de pesos:
Cluster (0,0): 0.0444017832079 0.041923285849 0.680917622652 0.232757308291
Cluster (0,1): 0.0273017021833 0.0237229727771 0.912307416627 0.0366679084121
Cluster (0,2): 0.216072849081 0.119286225409 0.398425447489 0.266215478021
Cluster (0,3): 0.0313608252284 0.0322649583112 0.163683753992 0.772690462468
Cluster (0,4): 0.615589811145 0.00583707808582 0.143120031216 0.235453079553
Cluster (0,5): 0.0012429627798 0.000343367169336 0.507078142043 0.491335528008
Cluster (0,6): 0.467409029761 0.136336450353 0.218614828724 0.177639691163
Cluster (0,7): 0.0122623317113 0.00924938678077 0.496317738334 0.482170543174
Cluster (1,0): 0.0320884165634 0.00782334469069 0.886217161249 0.0738710774966
Cluster (1,1): 0.328669469094 0.203252194119 0.388484642884 0.0795936939035
Cluster (1,2): 0.0127825395177 0.014564205299 0.157424810612 0.815228444571
Cluster (1,3): 0.00972574209001 0.00879788307377 0.590960829887 0.390515544949
Cluster (1,4): 0.294116558266 0.123280583142 0.215851404292 0.3667514543
Cluster (1,5): 0.0130121967679 0.00223997742204 0.940586159734 0.044161666076
Cluster (1,6): 0.334355805474 0.114735993165 0.170807935571 0.38010026579
Cluster (1,7): 0.017898335504 0.00373138353105 0.576258455214 0.402111825751

Corrected Rand index: 0.491207016175
F-measure(P,Q): 0.610685058055
OERC: 0.04

#####################################
Repetição do experimento: 2

----------Partition----------
Cluster (0,0)
Prototypes: [I_112]
Number of elements: 16
Elements: I_114, I_147, I_102, I_122, I_143, I_124, I_128, I_150, I_112, I_111, I_148, I_126, I_108, I_131, I_123, I_132

Cluster (0,1)
Prototypes: [I_134]
Number of elements: 6
Elements: I_73, I_120, I_53, I_134, I_84, I_78

Cluster (0,2)
Prototypes: [I_97]
Number of elements: 15
Elements: I_54, I_60, I_90, I_72, I_89, I_91, I_95, I_96, I_97, I_100, I_62, I_75, I_88, I_98, I_66

Cluster (0,3)
Prototypes: [I_70]
Number of elements: 9
Elements: I_82, I_80, I_81, I_65, I_70, I_83, I_63, I_68, I_93

Cluster (0,4)
Prototypes: [I_94]
Number of elements: 4
Elements: I_99, I_58, I_94, I_61

Cluster (0,5)
Prototypes: [I_77]
Number of elements: 3
Elements: I_77, I_64, I_76

Cluster (0,6)
Prototypes: [I_145]
Number of elements: 0
Elements

Cluster (0,7)
Prototypes: [I_8]
Number of elements: 0
Elements

Cluster (1,0)
Prototypes: [I_144]
Number of elements: 13
Elements: I_105, I_106, I_110, I_116, I_118, I_119, I_121, I_136, I_142, I_144, I_146, I_149, I_115

Cluster (1,1)
Prototypes: [I_141]
Number of elements: 15
Elements: I_130, I_113, I_117, I_140, I_141, I_145, I_125, I_129, I_138, I_103, I_104, I_133, I_135, I_137, I_109

Cluster (1,2)
Prototypes: [I_55]
Number of elements: 18
Elements: I_51, I_55, I_92, I_52, I_59, I_79, I_87, I_67, I_69, I_74, I_85, I_86, I_56, I_57, I_107, I_71, I_127, I_139

Cluster (1,3)
Prototypes: [I_116]
Number of elements: 1
Elements: I_101

Cluster (1,4)
Prototypes: [I_23]
Number of elements: 1
Elements: I_23

Cluster (1,5)
Prototypes: [I_88]
Number of elements: 0
Elements

Cluster (1,6)
Prototypes: [I_28]
Number of elements: 0
Elements

Cluster (1,7)
Prototypes: [I_8]
Number of elements: 49
Elements: I_1, I_2, I_5, I_8, I_10, I_11, I_13, I_18, I_21, I_26, I_28, I_29, I_31, I_32, I_35, I_36, I_37, I_38, I_40, I_41, I_46, I_49, I_50, I_19, I_47, I_15, I_20, I_22, I_6, I_17, I_33, I_34, I_45, I_16, I_42, I_4, I_9, I_12, I_25, I_27, I_39, I_24, I_44, I_3, I_14, I_30, I_7, I_48, I_43


Critério de adequação (energia): 1.13580214908
=====================================
	Confusion Matrix
Classes			 Clusters
---------------------------------------
	0,0	0,1	0,2	0,3	0,4	0,5	1,0	1,1	1,2	1,3	1,4	1,7	Total

1	0	 0	 0	 0	 0	 0	 0	 0	 0	 0	 1	 49	 50
3	16	 2	 0	 0	 0	 0	 13	 15	 3	 1	 0	 0	 50
2	0	 4	 15	 9	 4	 3	 0	 0	 15	 0	 0	 0	 50
Total	[16  6 15  9  4  3 13 15 18  1  1 49]

Matriz de pesos:
Cluster (0,0): 0.0156143779396 0.0174072823722 0.096502103867 0.870476235821
Cluster (0,1): 0.0375978781386 0.0133078761186 0.657015510207 0.292078735536
Cluster (0,2): 0.0146676859281 0.0124482420747 0.529314031801 0.443570040197
Cluster (0,3): 0.125170832894 0.0305536312971 0.504638546172 0.339636989637
Cluster (0,4): 0.179440310383 0.016910593828 0.243919253668 0.559729842121
Cluster (0,5): 0.0339308236111 0.107695751663 0.210851857991 0.647521566735
Cluster (0,6): 0.415379523921 0.236346498555 0.256043842856 0.0922301346684
Cluster (0,7): 0.0337500306918 0.0079306082703 0.698141160587 0.260178200451
Cluster (1,0): 0.030497366623 0.0343899734872 0.152262608479 0.782850051411
Cluster (1,1): 0.0427727357677 0.0259975633228 0.91456900944 0.0166606914691
Cluster (1,2): 0.00843697053301 0.00949844265143 0.886828215159 0.0952363716563
Cluster (1,3): 0.304352858329 0.171324256275 0.404240816423 0.120082068973
Cluster (1,4): 0.712135489204 0.0206527962647 0.110105459759 0.157106254773
Cluster (1,5): 0.205381213163 0.0934819428285 0.251181561154 0.449955282854
Cluster (1,6): 0.0271297038911 0.00790868095145 0.698501298953 0.266460316204
Cluster (1,7): 0.0337500191926 0.00793060534128 0.698141238574 0.260178136892

Corrected Rand index: 0.637426888726
F-measure(P,Q): 0.645428645429
OERC: 0.0333333333333

#####################################
Repetição do experimento: 3

----------Partition----------
Cluster (0,0)
Prototypes: [I_8]
Number of elements: 38
Elements: I_42, I_16, I_34, I_15, I_33, I_6, I_17, I_19, I_20, I_47, I_11, I_49, I_5, I_37, I_38, I_1, I_9, I_18, I_26, I_28, I_2, I_13, I_32, I_46, I_8, I_21, I_29, I_40, I_4, I_7, I_10, I_12, I_25, I_31, I_35, I_50, I_30, I_48

Cluster (0,1)
Prototypes: [I_36]
Number of elements: 7
Elements: I_14, I_36, I_3, I_23, I_39, I_41, I_43

Cluster (0,2)
Prototypes: [I_128]
Number of elements: 0
Elements

Cluster (0,3)
Prototypes: [I_150]
Number of elements: 16
Elements: I_127, I_124, I_128, I_139, I_71, I_78, I_102, I_104, I_108, I_109, I_117, I_126, I_138, I_143, I_147, I_150

Cluster (0,4)
Prototypes: [I_8]
Number of elements: 0
Elements

Cluster (0,5)
Prototypes: [I_92]
Number of elements: 9
Elements: I_59, I_92, I_51, I_57, I_64, I_66, I_76, I_86, I_107

Cluster (0,6)
Prototypes: [I_87]
Number of elements: 15
Elements: I_53, I_135, I_55, I_73, I_84, I_87, I_120, I_134, I_52, I_62, I_67, I_69, I_79, I_85, I_130

Cluster (0,7)
Prototypes: [I_83]
Number of elements: 25
Elements: I_75, I_88, I_98, I_72, I_54, I_63, I_91, I_93, I_95, I_97, I_60, I_61, I_68, I_70, I_81, I_83, I_89, I_90, I_96, I_65, I_82, I_80, I_58, I_94, I_99

Cluster (1,0)
Prototypes: [I_40]
Number of elements: 0
Elements

Cluster (1,1)
Prototypes: [I_111]
Number of elements: 0
Elements

Cluster (1,2)
Prototypes: [I_27]
Number of elements: 5
Elements: I_24, I_44, I_27, I_22, I_45

Cluster (1,3)
Prototypes: [I_40]
Number of elements: 0
Elements

Cluster (1,4)
Prototypes: [I_134]
Number of elements: 7
Elements: I_115, I_122, I_56, I_74, I_131, I_77, I_100

Cluster (1,5)
Prototypes: [I_1]
Number of elements: 0
Elements

Cluster (1,6)
Prototypes: [I_106]
Number of elements: 6
Elements: I_118, I_132, I_106, I_119, I_123, I_136

Cluster (1,7)
Prototypes: [I_113]
Number of elements: 22
Elements: I_103, I_144, I_101, I_105, I_113, I_121, I_129, I_140, I_111, I_112, I_116, I_133, I_137, I_141, I_142, I_145, I_146, I_148, I_149, I_114, I_110, I_125


Critério de adequação (energia): 1.65832779463
=====================================
	Confusion Matrix
Classes			 Clusters
---------------------------------------
	0,0	0,1	0,3	0,5	0,6	0,7	1,2	1,4	1,6	1,7	Total

1	38	 7	 0	 0	 0	 0	 5	 0	 0	 0	 50
3	0	 0	 14	 1	 4	 0	 0	 3	 6	 22	 50
2	0	 0	 2	 8	 11	 25	 0	 4	 0	 0	 50
Total	[38  7 16  9 15 25  5  7  6 22]

Matriz de pesos:
Cluster (0,0): 0.028441059687 0.00646668857744 0.581169216154 0.383923035581
Cluster (0,1): 0.00783298722737 0.0145994860244 0.679412008445 0.298155518303
Cluster (0,2): 0.193845561787 0.421541307789 0.178433685194 0.20617944523
Cluster (0,3): 0.00758196711703 0.0129798961263 0.0610979604934 0.918340176263
Cluster (0,4): 0.26419087072 0.408228035775 0.16317848509 0.164402608415
Cluster (0,5): 0.00909240479228 0.0364641207457 0.767973928575 0.186469545887
Cluster (0,6): 0.0154351661583 0.0110432373663 0.159175120246 0.814346476229
Cluster (0,7): 0.0693436607032 0.0437536792418 0.405712828958 0.481189831097
Cluster (1,0): 0.0271638593112 0.00647518974519 0.581933224976 0.384427725967
Cluster (1,1): 0.0482762753821 0.867636004984 0.0439036035627 0.0401841160712
Cluster (1,2): 0.205283264656 0.0298807282709 0.728835099607 0.0360009074663
Cluster (1,3): 0.299757783361 0.388427163 0.156950306105 0.154864747534
Cluster (1,4): 2.2337304653e-05 0.999792215289 0.000152590510167 3.28568965795e-05
Cluster (1,5): 0.168937013032 0.48173316244 0.158737999148 0.19059182538
Cluster (1,6): 0.183893960125 0.0131608586075 0.395063562534 0.407881618734
Cluster (1,7): 0.0900060196514 0.0548854343641 0.609783276312 0.245325269672

Corrected Rand index: 0.561390093852
F-measure(P,Q): 0.713804713805
OERC: 0.0666666666667

#####################################
Repetição do experimento: 4

----------Partition----------
Cluster (0,0)
Prototypes: [I_103]
Number of elements: 11
Elements: I_118, I_132, I_123, I_129, I_133, I_103, I_105, I_113, I_125, I_140, I_106

Cluster (0,1)
Prototypes: [I_112]
Number of elements: 12
Elements: I_111, I_148, I_109, I_112, I_102, I_104, I_108, I_117, I_131, I_138, I_143, I_147

Cluster (0,2)
Prototypes: [I_128]
Number of elements: 2
Elements: I_150, I_128

Cluster (0,3)
Prototypes: [I_97]
Number of elements: 15
Elements: I_59, I_75, I_98, I_76, I_56, I_60, I_72, I_88, I_89, I_95, I_97, I_100, I_54, I_65, I_90

Cluster (0,4)
Prototypes: [I_93]
Number of elements: 7
Elements: I_70, I_81, I_83, I_93, I_96, I_91, I_74

Cluster (0,5)
Prototypes: [I_82]
Number of elements: 7
Elements: I_68, I_80, I_58, I_99, I_82, I_94, I_63

Cluster (0,6)
Prototypes: [I_113]
Number of elements: 0
Elements

Cluster (0,7)
Prototypes: [I_27]
Number of elements: 10
Elements: I_24, I_44, I_27, I_6, I_22, I_32, I_16, I_19, I_21, I_45

Cluster (1,0)
Prototypes: [I_141]
Number of elements: 14
Elements: I_101, I_116, I_121, I_141, I_142, I_145, I_110, I_115, I_136, I_137, I_144, I_146, I_149, I_119

Cluster (1,1)
Prototypes: [I_130]
Number of elements: 2
Elements: I_126, I_130

Cluster (1,2)
Prototypes: [I_139]
Number of elements: 8
Elements: I_71, I_57, I_139, I_107, I_122, I_124, I_127, I_114

Cluster (1,3)
Prototypes: [I_87]
Number of elements: 19
Elements: I_85, I_62, I_67, I_69, I_73, I_79, I_86, I_120, I_55, I_77, I_51, I_52, I_87, I_134, I_135, I_53, I_64, I_92, I_66

Cluster (1,4)
Prototypes: [I_78]
Number of elements: 2
Elements: I_78, I_84

Cluster (1,5)
Prototypes: [I_61]
Number of elements: 1
Elements: I_61

Cluster (1,6)
Prototypes: [I_5]
Number of elements: 0
Elements

Cluster (1,7)
Prototypes: [I_50]
Number of elements: 40
Elements: I_1, I_2, I_3, I_5, I_7, I_8, I_10, I_12, I_13, I_18, I_23, I_25, I_26, I_28, I_29, I_30, I_31, I_35, I_36, I_37, I_38, I_40, I_41, I_42, I_46, I_50, I_11, I_15, I_17, I_20, I_33, I_34, I_47, I_49, I_4, I_48, I_43, I_9, I_39, I_14


Critério de adequação (energia): 0.880628404144
=====================================
	Confusion Matrix
Classes			 Clusters
---------------------------------------
	0,0	0,1	0,2	0,3	0,4	0,5	0,7	1,0	1,1	1,2	1,3	1,4	1,5	1,7	Total

1	0	 0	 0	 0	 0	 0	 10	 0	 0	 0	 0	 0	 0	 40	 50
3	11	 12	 2	 0	 0	 0	 0	 14	 2	 6	 3	 0	 0	 0	 50
2	0	 0	 0	 15	 7	 7	 0	 0	 0	 2	 16	 2	 1	 0	 50
Total	[11 12  2 15  7  7 10 14  2  8 19  2  1 40]

Matriz de pesos:
Cluster (0,0): 0.0177854309771 0.0108387404921 0.0986994058402 0.872676422691
Cluster (0,1): 0.0244781242343 0.0267928878325 0.14764846943 0.801080518503
Cluster (0,2): 0.0966069779353 0.16671923439 0.352097153783 0.384576633891
Cluster (0,3): 0.0099008932417 0.0114481004412 0.157441176437 0.82120982988
Cluster (0,4): 0.0672631808569 0.0210995833398 0.277657537356 0.633979698448
Cluster (0,5): 0.0101689426875 0.0169560444858 0.0481254110169 0.92474960181
Cluster (0,6): 0.192981001552 0.382676087642 0.223684774002 0.200658136805
Cluster (0,7): 0.0249751677416 0.00653850318825 0.833173476012 0.135312853059
Cluster (1,0): 0.0285781691881 0.0337308312684 0.151921665271 0.785769334273
Cluster (1,1): 0.115919360733 0.076427640545 0.655157381571 0.152495617151
Cluster (1,2): 0.0143667396762 0.0116750830377 0.771951615609 0.202006561678
Cluster (1,3): 0.00957883221004 0.00689866551083 0.176823088694 0.806699413585
Cluster (1,4): 0.0740959607633 0.0839398824913 0.505219815223 0.336744341522
Cluster (1,5): 0.0557223976575 0.0321815508457 0.413671514571 0.498424536926
Cluster (1,6): 0.0912061361171 0.013523598991 0.401737739204 0.493532525688
Cluster (1,7): 0.0249466347168 0.00549622165387 0.46771803235 0.50183911128

Corrected Rand index: 0.524007096386
F-measure(P,Q): 0.59671900161
OERC: 0.0333333333333

#####################################
Repetição do experimento: 5

----------Partition----------
Cluster (0,0)
Prototypes: [I_125]
Number of elements: 21
Elements: I_109, I_129, I_104, I_113, I_118, I_121, I_126, I_132, I_140, I_138, I_144, I_105, I_110, I_125, I_141, I_145, I_101, I_137, I_149, I_133, I_103

Cluster (0,1)
Prototypes: [I_106]
Number of elements: 3
Elements: I_106, I_108, I_123

Cluster (0,2)
Prototypes: [I_135]
Number of elements: 5
Elements: I_135, I_119, I_91, I_93, I_80

Cluster (0,3)
Prototypes: [I_74]
Number of elements: 9
Elements: I_122, I_115, I_72, I_74, I_100, I_127, I_56, I_77, I_131

Cluster (0,4)
Prototypes: [I_29]
Number of elements: 0
Elements

Cluster (0,5)
Prototypes: [I_92]
Number of elements: 11
Elements: I_78, I_89, I_96, I_14, I_117, I_128, I_130, I_136, I_139, I_146, I_148

Cluster (0,6)
Prototypes: [I_46]
Number of elements: 1
Elements: I_46

Cluster (0,7)
Prototypes: [I_27]
Number of elements: 13
Elements: I_27, I_24, I_44, I_45, I_22, I_20, I_6, I_26, I_47, I_12, I_30, I_31, I_32

Cluster (1,0)
Prototypes: [I_79]
Number of elements: 19
Elements: I_97, I_67, I_85, I_88, I_92, I_98, I_64, I_69, I_75, I_79, I_59, I_107, I_76, I_66, I_52, I_57, I_86, I_95, I_51

Cluster (1,1)
Prototypes: [I_55]
Number of elements: 8
Elements: I_134, I_53, I_55, I_73, I_62, I_87, I_120, I_60

Cluster (1,2)
Prototypes: [I_81]
Number of elements: 13
Elements: I_68, I_70, I_82, I_83, I_99, I_58, I_81, I_90, I_65, I_94, I_54, I_63, I_61

Cluster (1,3)
Prototypes: [I_29]
Number of elements: 0
Elements

Cluster (1,4)
Prototypes: [I_150]
Number of elements: 11
Elements: I_102, I_114, I_143, I_84, I_111, I_124, I_147, I_150, I_112, I_116, I_142

Cluster (1,5)
Prototypes: [I_139]
Number of elements: 1
Elements: I_71

Cluster (1,6)
Prototypes: [I_21]
Number of elements: 3
Elements: I_21, I_19, I_25

Cluster (1,7)
Prototypes: [I_50]
Number of elements: 32
Elements: I_11, I_15, I_16, I_17, I_33, I_34, I_49, I_37, I_28, I_29, I_1, I_5, I_40, I_18, I_38, I_8, I_50, I_10, I_2, I_13, I_35, I_3, I_4, I_7, I_9, I_23, I_39, I_42, I_43, I_48, I_36, I_41


Critério de adequação (energia): 1.39457009391
=====================================
	Confusion Matrix
Classes			 Clusters
---------------------------------------
	0,0	0,1	0,2	0,3	0,5	0,6	0,7	1,0	1,1	1,2	1,4	1,5	1,6	1,7	Total

1	0	 0	 0	 0	 1	 1	 13	 0	 0	 0	 0	 0	 3	 32	 50
3	21	 3	 2	 4	 7	 0	 0	 1	 2	 0	 10	 0	 0	 0	 50
2	0	 0	 3	 5	 3	 0	 0	 18	 6	 13	 1	 1	 0	 0	 50
Total	[21  3  5  9 11  1 13 19  8 13 11  1  3 32]

Matriz de pesos:
Cluster (0,0): 0.100696402785 0.0436465778575 0.616403125705 0.239253893653
Cluster (0,1): 0.1919491579 0.183422886861 0.344008095834 0.280619859404
Cluster (0,2): 0.0069982112273 0.965126907591 0.0099562305921 0.0179186505897
Cluster (0,3): 0.00548415215267 0.981614144278 0.0119196927694 0.000982010800105
Cluster (0,4): 0.477960040481 0.264902263739 0.135272090365 0.121865605415
Cluster (0,5): 0.00082319759 0.990723568593 0.00475211912382 0.0037011146935
Cluster (0,6): 0.246237394313 0.104590744482 0.27489508911 0.374276772095
Cluster (0,7): 0.13050443799 0.00961235338317 0.699588778749 0.160294429878
Cluster (1,0): 0.023977012432 0.0160235557658 0.772710378234 0.187289053568
Cluster (1,1): 0.014808749922 0.0146355700957 0.144405579617 0.826150100365
Cluster (1,2): 0.0807832051 0.0499104384394 0.351012569919 0.518293786542
Cluster (1,3): 0.612403142916 0.116328636548 0.139670894653 0.131597325883
Cluster (1,4): 0.0242414600893 0.00593536537913 0.861953629746 0.107869544786
Cluster (1,5): 0.366065439342 0.0373176016311 0.352959195248 0.243657763778
Cluster (1,6): 0.0824765743759 0.0176132696245 0.580879463147 0.319030692853
Cluster (1,7): 0.0170446348872 0.00401937253125 0.628265014149 0.350670978433

Corrected Rand index: 0.459779482098
F-measure(P,Q): 0.631258743696
OERC: 0.0933333333333

#####################################
Repetição do experimento: 6

----------Partition----------
Cluster (0,0)
Prototypes: [I_70]
Number of elements: 17
Elements: I_68, I_72, I_83, I_91, I_63, I_70, I_82, I_93, I_95, I_54, I_58, I_61, I_81, I_90, I_94, I_60, I_99

Cluster (0,1)
Prototypes: [I_55]
Number of elements: 10
Elements: I_51, I_66, I_87, I_52, I_57, I_55, I_86, I_107, I_69, I_88

Cluster (0,2)
Prototypes: [I_35]
Number of elements: 0
Elements

Cluster (0,3)
Prototypes: [I_92]
Number of elements: 0
Elements

Cluster (0,4)
Prototypes: [I_62]
Number of elements: 26
Elements: I_103, I_106, I_136, I_14, I_39, I_105, I_113, I_146, I_2, I_13, I_26, I_46, I_62, I_67, I_76, I_85, I_89, I_96, I_78, I_92, I_117, I_128, I_130, I_139, I_148, I_150

Cluster (0,5)
Prototypes: [I_96]
Number of elements: 0
Elements

Cluster (0,6)
Prototypes: [I_35]
Number of elements: 16
Elements: I_4, I_31, I_35, I_43, I_48, I_3, I_30, I_36, I_9, I_23, I_25, I_50, I_12, I_21, I_29, I_37

Cluster (0,7)
Prototypes: [I_20]
Number of elements: 28
Elements: I_1, I_5, I_8, I_11, I_18, I_20, I_22, I_24, I_27, I_28, I_32, I_38, I_40, I_41, I_44, I_47, I_49, I_7, I_17, I_19, I_45, I_6, I_15, I_33, I_42, I_34, I_16, I_10

Cluster (1,0)
Prototypes: [I_144]
Number of elements: 16
Elements: I_109, I_118, I_129, I_133, I_119, I_132, I_125, I_144, I_110, I_121, I_101, I_137, I_145, I_149, I_131, I_141

Cluster (1,1)
Prototypes: [I_150]
Number of elements: 16
Elements: I_134, I_84, I_135, I_102, I_112, I_115, I_124, I_143, I_73, I_111, I_114, I_120, I_142, I_147, I_116, I_53

Cluster (1,2)
Prototypes: [I_74]
Number of elements: 6
Elements: I_74, I_56, I_127, I_77, I_122, I_100

Cluster (1,3)
Prototypes: [I_79]
Number of elements: 10
Elements: I_65, I_97, I_59, I_75, I_98, I_104, I_108, I_123, I_64, I_79

Cluster (1,4)
Prototypes: [I_78]
Number of elements: 0
Elements

Cluster (1,5)
Prototypes: [I_105]
Number of elements: 2
Elements: I_138, I_140

Cluster (1,6)
Prototypes: [I_126]
Number of elements: 2
Elements: I_126, I_71

Cluster (1,7)
Prototypes: [I_80]
Number of elements: 1
Elements: I_80


Critério de adequação (energia): 1.47195084096
=====================================
	Confusion Matrix
Classes			 Clusters
---------------------------------------
	0,0	0,1	0,4	0,6	0,7	1,0	1,1	1,2	1,3	1,5	1,6	1,7	Total

1	0	 0	 6	 16	 28	 0	 0	 0	 0	 0	 0	 0	 50
3	0	 1	 12	 0	 0	 16	 13	 2	 3	 2	 1	 0	 50
2	17	 9	 8	 0	 0	 0	 3	 4	 7	 0	 1	 1	 50
Total	[17 10 26 16 28 16 16  6 10  2  2  1]

Matriz de pesos:
Cluster (0,0): 0.0971958701112 0.0744565590632 0.417426799958 0.410920770868
Cluster (0,1): 0.013347633434 0.0069437031308 0.698642251395 0.28106641204
Cluster (0,2): 0.145809862175 0.559895963733 0.1442394739 0.150054700193
Cluster (0,3): 0.0161397344626 0.935564057141 0.0228995356927 0.0253966727036
Cluster (0,4): 3.09304990836e-07 0.999998844656 4.28303708385e-07 4.17735425198e-07
Cluster (0,5): 0.0826174354347 0.746847333613 0.0790373123447 0.091497918608
Cluster (0,6): 0.011080972292 0.00528714131206 0.0785505453169 0.905081341079
Cluster (0,7): 0.0395560283302 0.00565045098315 0.750000260581 0.204793260106
Cluster (1,0): 0.0797168732199 0.0440987112993 0.517332881393 0.358851534088
Cluster (1,1): 0.0477707273303 0.0177716107824 0.852604534141 0.0818531277462
Cluster (1,2): 0.0132020470127 0.603127329832 0.374092996794 0.00957762636149
Cluster (1,3): 0.00621338337855 0.933865194089 0.0149962587272 0.0449251638056
Cluster (1,4): 0.0112278617087 0.946642476323 0.0204194413751 0.0217102205929
Cluster (1,5): 0.107677568149 0.516683015303 0.234511766933 0.141127649614
Cluster (1,6): 0.0291038791595 0.874523051598 0.0383651655924 0.0580079036498
Cluster (1,7): 0.451817401889 0.0469415200091 0.205048709065 0.296192369037

Corrected Rand index: 0.406344086278
F-measure(P,Q): 0.570086629788
OERC: 0.16

#####################################
Repetição do experimento: 7

----------Partition----------
Cluster (0,0)
Prototypes: [I_50]
Number of elements: 26
Elements: I_23, I_12, I_25, I_42, I_2, I_21, I_34, I_35, I_3, I_9, I_30, I_31, I_48, I_14, I_39, I_43, I_15, I_37, I_5, I_28, I_29, I_50, I_1, I_40, I_47, I_49

Cluster (0,1)
Prototypes: [I_20]
Number of elements: 16
Elements: I_10, I_22, I_32, I_38, I_6, I_7, I_13, I_16, I_17, I_18, I_20, I_33, I_46, I_4, I_11, I_19

Cluster (0,2)
Prototypes: [I_7]
Number of elements: 0
Elements

Cluster (0,3)
Prototypes: [I_132]
Number of elements: 8
Elements: I_118, I_109, I_119, I_123, I_131, I_132, I_108, I_126

Cluster (0,4)
Prototypes: [I_50]
Number of elements: 0
Elements

Cluster (0,5)
Prototypes: [I_124]
Number of elements: 0
Elements

Cluster (0,6)
Prototypes: [I_53]
Number of elements: 7
Elements: I_66, I_142, I_52, I_53, I_87, I_138, I_140

Cluster (0,7)
Prototypes: [I_78]
Number of elements: 20
Elements: I_103, I_106, I_113, I_130, I_146, I_78, I_148, I_117, I_76, I_128, I_139, I_150, I_92, I_62, I_67, I_85, I_105, I_89, I_96, I_136

Cluster (1,0)
Prototypes: [I_44]
Number of elements: 11
Elements: I_58, I_61, I_94, I_99, I_44, I_27, I_41, I_36, I_107, I_26, I_8

Cluster (1,1)
Prototypes: [I_41]
Number of elements: 1
Elements: I_45

Cluster (1,2)
Prototypes: [I_134]
Number of elements: 6
Elements: I_135, I_55, I_79, I_104, I_112, I_134

Cluster (1,3)
Prototypes: [I_128]
Number of elements: 21
Elements: I_69, I_73, I_114, I_120, I_147, I_84, I_102, I_124, I_143, I_122, I_127, I_86, I_115, I_57, I_71, I_77, I_64, I_111, I_59, I_51, I_74

Cluster (1,4)
Prototypes: [I_93]
Number of elements: 21
Elements: I_60, I_65, I_83, I_54, I_56, I_68, I_70, I_80, I_81, I_82, I_90, I_91, I_93, I_95, I_100, I_63, I_97, I_72, I_88, I_98, I_75

Cluster (1,5)
Prototypes: [I_1]
Number of elements: 0
Elements

Cluster (1,6)
Prototypes: [I_50]
Number of elements: 1
Elements: I_24

Cluster (1,7)
Prototypes: [I_121]
Number of elements: 12
Elements: I_110, I_149, I_137, I_101, I_125, I_145, I_116, I_121, I_144, I_129, I_133, I_141


Critério de adequação (energia): 1.44501264373
=====================================
	Confusion Matrix
Classes			 Clusters
---------------------------------------
	0,0	0,1	0,3	0,6	0,7	1,0	1,1	1,2	1,3	1,4	1,6	1,7	Total

1	26	 16	 0	 0	 0	 6	 1	 0	 0	 0	 1	 0	 50
3	0	 0	 8	 3	 12	 1	 0	 4	 10	 0	 0	 12	 50
2	0	 0	 0	 4	 8	 4	 0	 2	 11	 21	 0	 0	 50
Total	[26 16  8  7 20 11  1  6 21 21  1 12]

Matriz de pesos:
Cluster (0,0): 0.0102073778823 0.00315967577141 0.184130368948 0.802502577398
Cluster (0,1): 0.0211931413151 0.00322661918717 0.854073325345 0.121506914153
Cluster (0,2): 0.127315545541 0.339542067139 0.201380751051 0.33176163627
Cluster (0,3): 0.0528690847034 0.00590087650037 0.458809045532 0.482420993265
Cluster (0,4): 0.249688079908 0.291466920066 0.197560585431 0.261284414595
Cluster (0,5): 0.127502597855 0.0552642572092 0.579411364521 0.237821780415
Cluster (0,6): 0.105632373849 0.73220517211 0.128106283036 0.0340561710053
Cluster (0,7): 0.00799798141993 0.929213574502 0.0325295658107 0.0302588782674
Cluster (1,0): 0.967599279722 0.00201794245702 0.0120014425641 0.0183813352569
Cluster (1,1): 0.477700105585 0.0550738931607 0.176334463224 0.29089153803
Cluster (1,2): 0.31316295016 0.165065448693 0.304407607896 0.217363993251
Cluster (1,3): 0.102509525971 0.0202527215052 0.770496959191 0.106740793333
Cluster (1,4): 0.0852823823803 0.0462983380904 0.489323346161 0.379095933368
Cluster (1,5): 0.521524891599 0.0924084153451 0.171399767897 0.214666925159
Cluster (1,6): 0.0496636893045 0.876825888673 0.0399004032535 0.0336100187685
Cluster (1,7): 0.0399963179374 0.041199745899 0.625009737423 0.29379419874

Corrected Rand index: 0.39877922531
F-measure(P,Q): 0.554285532095
OERC: 0.186666666667

#####################################
Repetição do experimento: 8

----------Partition----------
Cluster (0,0)
Prototypes: [I_113]
Number of elements: 17
Elements: I_118, I_125, I_132, I_116, I_111, I_103, I_106, I_113, I_140, I_142, I_146, I_148, I_119, I_123, I_129, I_133, I_114

Cluster (0,1)
Prototypes: [I_150]
Number of elements: 7
Elements: I_150, I_78, I_102, I_117, I_128, I_138, I_143

Cluster (0,2)
Prototypes: [I_18]
Number of elements: 0
Elements

Cluster (0,3)
Prototypes: [I_20]
Number of elements: 11
Elements: I_7, I_18, I_27, I_32, I_38, I_41, I_44, I_10, I_13, I_46, I_22

Cluster (0,4)
Prototypes: [I_125]
Number of elements: 0
Elements

Cluster (0,5)
Prototypes: [I_112]
Number of elements: 2
Elements: I_112, I_147

Cluster (0,6)
Prototypes: [I_73]
Number of elements: 15
Elements: I_62, I_79, I_84, I_134, I_135, I_73, I_76, I_120, I_52, I_53, I_66, I_67, I_69, I_55, I_85

Cluster (0,7)
Prototypes: [I_57]
Number of elements: 17
Elements: I_56, I_74, I_107, I_124, I_127, I_64, I_77, I_92, I_139, I_59, I_71, I_86, I_57, I_51, I_87, I_115, I_122

Cluster (1,0)
Prototypes: [I_105]
Number of elements: 16
Elements: I_130, I_101, I_110, I_126, I_137, I_145, I_121, I_141, I_144, I_136, I_104, I_108, I_105, I_109, I_131, I_149

Cluster (1,1)
Prototypes: [I_12]
Number of elements: 0
Elements

Cluster (1,2)
Prototypes: [I_98]
Number of elements: 1
Elements: I_98

Cluster (1,3)
Prototypes: [I_49]
Number of elements: 10
Elements: I_11, I_49, I_17, I_19, I_20, I_42, I_6, I_33, I_34, I_16

Cluster (1,4)
Prototypes: [I_50]
Number of elements: 27
Elements: I_2, I_26, I_31, I_35, I_39, I_4, I_14, I_3, I_9, I_36, I_43, I_48, I_30, I_23, I_25, I_21, I_37, I_50, I_1, I_5, I_12, I_29, I_8, I_28, I_40, I_15, I_47

Cluster (1,5)
Prototypes: [I_45]
Number of elements: 2
Elements: I_45, I_24

Cluster (1,6)
Prototypes: [I_94]
Number of elements: 6
Elements: I_80, I_99, I_58, I_82, I_94, I_61

Cluster (1,7)
Prototypes: [I_93]
Number of elements: 19
Elements: I_63, I_65, I_68, I_70, I_83, I_93, I_54, I_81, I_89, I_90, I_95, I_96, I_97, I_100, I_91, I_60, I_72, I_75, I_88


Critério de adequação (energia): 1.36058387363
=====================================
	Confusion Matrix
Classes			 Clusters
---------------------------------------
	0,0	0,1	0,3	0,5	0,6	0,7	1,0	1,2	1,3	1,4	1,5	1,6	1,7	Total

1	0	 0	 11	 0	 0	 0	 0	 0	 10	 27	 2	 0	 0	 50
3	17	 6	 0	 2	 3	 6	 16	 0	 0	 0	 0	 0	 0	 50
2	0	 1	 0	 0	 12	 11	 0	 1	 0	 0	 0	 6	 19	 50
Total	[17  7 11  2 15 17 16  1 10 27  2  6 19]

Matriz de pesos:
Cluster (0,0): 0.0324852662992 0.0383662127059 0.173297177016 0.755851343979
Cluster (0,1): 0.0503179153538 0.140804994645 0.381967183777 0.426909906225
Cluster (0,2): 0.4580524251 0.15609478498 0.190671172505 0.195181617415
Cluster (0,3): 0.0452100060676 0.00283345404636 0.865302536602 0.0866540032842
Cluster (0,4): 0.0614527177187 0.839731276236 0.0501578157997 0.0486581902459
Cluster (0,5): 0.334249600188 0.133790283474 0.306337118388 0.22562299795
Cluster (0,6): 0.0325667406026 0.00605493181245 0.106683819017 0.854694508568
Cluster (0,7): 0.0264426065772 0.00935728111067 0.887583494927 0.0766166173847
Cluster (1,0): 0.03628691769 0.04280793818 0.837029146327 0.0838759978028
Cluster (1,1): 0.0969250259736 0.707438369484 0.102878679342 0.0927579252005
Cluster (1,2): 0.400051500145 0.0983527776403 0.211145214572 0.290450507643
Cluster (1,3): 0.0281487435869 0.00302521187152 0.798858688494 0.169967356048
Cluster (1,4): 0.00339624650687 0.00213998909096 0.0589160361428 0.935547728259
Cluster (1,5): 0.331665213965 0.0280352429697 0.31123088176 0.329068661305
Cluster (1,6): 0.0274809556431 0.0243763725333 0.223424924464 0.724717747359
Cluster (1,7): 0.061847268183 0.0262622822936 0.554107270462 0.357783179061

Corrected Rand index: 0.434188720765
F-measure(P,Q): 0.586495341849
OERC: 0.0666666666667

#####################################
Repetição do experimento: 9

----------Partition----------
Cluster (0,0)
Prototypes: [I_143]
Number of elements: 18
Elements: I_112, I_115, I_102, I_122, I_143, I_148, I_114, I_84, I_147, I_150, I_78, I_111, I_124, I_128, I_134, I_142, I_120, I_146

Cluster (0,1)
Prototypes: [I_103]
Number of elements: 10
Elements: I_118, I_132, I_106, I_103, I_119, I_123, I_140, I_113, I_129, I_125

Cluster (0,2)
Prototypes: [I_86]
Number of elements: 1
Elements: I_86

Cluster (0,3)
Prototypes: [I_1]
Number of elements: 0
Elements

Cluster (0,4)
Prototypes: [I_45]
Number of elements: 2
Elements: I_45, I_6

Cluster (0,5)
Prototypes: [I_45]
Number of elements: 0
Elements

Cluster (0,6)
Prototypes: [I_113]
Number of elements: 0
Elements

Cluster (0,7)
Prototypes: [I_31]
Number of elements: 9
Elements: I_12, I_24, I_26, I_27, I_30, I_31, I_19, I_44, I_47

Cluster (1,0)
Prototypes: [I_93]
Number of elements: 27
Elements: I_62, I_65, I_68, I_72, I_75, I_83, I_88, I_89, I_95, I_96, I_97, I_98, I_100, I_91, I_93, I_54, I_60, I_63, I_70, I_80, I_81, I_82, I_90, I_61, I_94, I_58, I_99

Cluster (1,1)
Prototypes: [I_87]
Number of elements: 20
Elements: I_51, I_53, I_52, I_55, I_57, I_71, I_77, I_87, I_127, I_139, I_64, I_67, I_69, I_73, I_79, I_92, I_107, I_85, I_74, I_56

Cluster (1,2)
Prototypes: [I_144]
Number of elements: 12
Elements: I_101, I_145, I_110, I_121, I_144, I_105, I_126, I_130, I_108, I_109, I_131, I_136

Cluster (1,3)
Prototypes: [I_138]
Number of elements: 9
Elements: I_116, I_137, I_117, I_135, I_138, I_149, I_104, I_133, I_141

Cluster (1,4)
Prototypes: [I_76]
Number of elements: 3
Elements: I_59, I_66, I_76

Cluster (1,5)
Prototypes: [I_145]
Number of elements: 0
Elements

Cluster (1,6)
Prototypes: [I_8]
Number of elements: 9
Elements: I_25, I_21, I_23, I_3, I_4, I_14, I_35, I_36, I_43

Cluster (1,7)
Prototypes: [I_50]
Number of elements: 30
Elements: I_16, I_15, I_34, I_11, I_17, I_20, I_22, I_33, I_5, I_18, I_37, I_38, I_49, I_1, I_7, I_8, I_28, I_29, I_32, I_40, I_41, I_48, I_50, I_10, I_2, I_13, I_39, I_46, I_9, I_42


Critério de adequação (energia): 1.35564356343
=====================================
	Confusion Matrix
Classes			 Clusters
---------------------------------------
	0,0	0,1	0,2	0,4	0,7	1,0	1,1	1,2	1,3	1,4	1,6	1,7	Total

1	0	 0	 0	 2	 9	 0	 0	 0	 0	 0	 9	 30	 50
3	16	 10	 0	 0	 0	 0	 3	 12	 9	 0	 0	 0	 50
2	2	 0	 1	 0	 0	 27	 17	 0	 0	 3	 0	 0	 50
Total	[18 10  1  2  9 27 20 12  9  3  9 30]

Matriz de pesos:
Cluster (0,0): 0.0182291660932 0.0250361269479 0.874303619286 0.0824310876732
Cluster (0,1): 0.0497942898261 0.0280179043243 0.191341994256 0.730845811594
Cluster (0,2): 0.104975880663 0.254626818482 0.276443314583 0.363953986273
Cluster (0,3): 0.305682066664 0.422024013831 0.140879836353 0.131414083152
Cluster (0,4): 0.0618067093012 0.115091935363 0.278134358392 0.544966996943
Cluster (0,5): 0.0619821211147 0.108875521381 0.279112735792 0.550029621712
Cluster (0,6): 0.0934653655401 0.72323347661 0.099683553028 0.0836176048223
Cluster (0,7): 0.017444629784 0.0035973104397 0.955704101483 0.023253958293
Cluster (1,0): 0.0746695149472 0.0484531595686 0.400783758518 0.476093566967
Cluster (1,1): 0.0114254297624 0.0115188791238 0.77341162985 0.203644061264
Cluster (1,2): 0.0849244141447 0.0709373497551 0.775757247275 0.0683809888257
Cluster (1,3): 0.146284548224 0.0151729677927 0.808208822927 0.0303336610563
Cluster (1,4): 0.360659195596 0.0947164848325 0.31460907324 0.230015246331
Cluster (1,5): 0.111777630949 0.755331539604 0.0863130282967 0.0465778011505
Cluster (1,6): 0.00511742387695 0.00843147604165 0.0195021416254 0.966948958456
Cluster (1,7): 0.0177045456157 0.00380772401727 0.79570189097 0.182785839397

Corrected Rand index: 0.504873664489
F-measure(P,Q): 0.640628978864
OERC: 0.0333333333333

#####################################
Repetição do experimento: 10

----------Partition----------
Cluster (0,0)
Prototypes: [I_8]
Number of elements: 37
Elements: I_1, I_5, I_6, I_7, I_8, I_11, I_12, I_15, I_17, I_18, I_19, I_20, I_22, I_27, I_28, I_29, I_33, I_34, I_38, I_40, I_47, I_48, I_49, I_50, I_2, I_4, I_9, I_10, I_13, I_30, I_31, I_35, I_46, I_16, I_26, I_32, I_42

Cluster (0,1)
Prototypes: [I_25]
Number of elements: 3
Elements: I_25, I_21, I_23

Cluster (0,2)
Prototypes: [I_148]
Number of elements: 3
Elements: I_104, I_117, I_138

Cluster (0,3)
Prototypes: [I_45]
Number of elements: 3
Elements: I_45, I_24, I_44

Cluster (0,4)
Prototypes: [I_127]
Number of elements: 1
Elements: I_127

Cluster (0,5)
Prototypes: [I_29]
Number of elements: 0
Elements

Cluster (0,6)
Prototypes: [I_145]
Number of elements: 8
Elements: I_110, I_101, I_137, I_141, I_145, I_116, I_121, I_149

Cluster (0,7)
Prototypes: [I_103]
Number of elements: 18
Elements: I_118, I_105, I_106, I_108, I_119, I_123, I_132, I_136, I_103, I_125, I_126, I_131, I_109, I_113, I_129, I_133, I_140, I_144

Cluster (1,0)
Prototypes: [I_41]
Number of elements: 7
Elements: I_14, I_36, I_3, I_37, I_39, I_41, I_43

Cluster (1,1)
Prototypes: [I_103]
Number of elements: 1
Elements: I_130

Cluster (1,2)
Prototypes: [I_19]
Number of elements: 0
Elements

Cluster (1,3)
Prototypes: [I_82]
Number of elements: 10
Elements: I_99, I_94, I_58, I_61, I_80, I_82, I_81, I_70, I_63, I_68

Cluster (1,4)
Prototypes: [I_97]
Number of elements: 18
Elements: I_60, I_90, I_54, I_83, I_89, I_91, I_93, I_95, I_96, I_97, I_100, I_72, I_62, I_98, I_75, I_88, I_76, I_66

Cluster (1,5)
