# Topology: 2x8
# Cardinality (q): 1
# Tmin: 0.300000011921
# Tmax: 16.0
# Number of iterations: 50.0

#####################################
Repetição do experimento: 0

----------Partition----------
Cluster (0,0)
Prototypes: [I_103]
Number of elements: 24
Elements: I_101, I_103, I_105, I_106, I_108, I_109, I_110, I_113, I_118, I_119, I_121, I_123, I_125, I_126, I_129, I_131, I_132, I_133, I_136, I_137, I_141, I_144, I_145, I_140

Cluster (0,1)
Prototypes: [I_117]
Number of elements: 4
Elements: I_117, I_138, I_104, I_130

Cluster (0,2)
Prototypes: [I_94]
Number of elements: 6
Elements: I_99, I_58, I_94, I_61, I_80, I_82

Cluster (0,3)
Prototypes: [I_135]
Number of elements: 1
Elements: I_135

Cluster (0,4)
Prototypes: [I_37]
Number of elements: 0
Elements

Cluster (0,5)
Prototypes: [I_88]
Number of elements: 0
Elements

Cluster (0,6)
Prototypes: [I_68]
Number of elements: 0
Elements

Cluster (0,7)
Prototypes: [I_27]
Number of elements: 10
Elements: I_44, I_24, I_6, I_27, I_32, I_45, I_16, I_19, I_22, I_17

Cluster (1,0)
Prototypes: [I_150]
Number of elements: 25
Elements: I_120, I_71, I_73, I_84, I_134, I_53, I_139, I_78, I_102, I_114, I_122, I_124, I_127, I_128, I_143, I_147, I_150, I_111, I_112, I_148, I_115, I_116, I_142, I_146, I_149

Cluster (1,1)
Prototypes: [I_79]
Number of elements: 23
Elements: I_64, I_74, I_75, I_79, I_92, I_98, I_52, I_66, I_67, I_76, I_85, I_88, I_51, I_55, I_59, I_86, I_69, I_77, I_87, I_57, I_107, I_56, I_91

Cluster (1,2)
Prototypes: [I_93]
Number of elements: 17
Elements: I_65, I_68, I_70, I_81, I_83, I_89, I_90, I_93, I_95, I_96, I_97, I_100, I_54, I_63, I_72, I_60, I_62

Cluster (1,3)
Prototypes: [I_15]
Number of elements: 0
Elements

Cluster (1,4)
Prototypes: [I_7]
Number of elements: 0
Elements

Cluster (1,5)
Prototypes: [I_39]
Number of elements: 0
Elements

Cluster (1,6)
Prototypes: [I_28]
Number of elements: 13
Elements: I_21, I_25, I_15, I_23, I_26, I_47, I_11, I_12, I_30, I_31, I_36, I_37, I_49

Cluster (1,7)
Prototypes: [I_50]
Number of elements: 27
Elements: I_1, I_2, I_3, I_4, I_5, I_7, I_8, I_9, I_10, I_13, I_14, I_18, I_20, I_28, I_29, I_35, I_38, I_39, I_40, I_41, I_42, I_43, I_46, I_48, I_50, I_33, I_34


Critério de adequação (energia): 1.41862490732
=====================================
	Confusion Matrix
Classes			 Clusters
---------------------------------------
	0,0	0,1	0,2	0,3	0,7	1,0	1,1	1,2	1,6	1,7	Total

1	0	 0	 0	 0	 10	 0	 0	 0	 13	 27	 50
3	24	 4	 0	 1	 0	 20	 1	 0	 0	 0	 50
2	0	 0	 6	 0	 0	 5	 22	 17	 0	 0	 50
Total	[24  4  6  1 10 25 23 17 13 27]

Matriz de pesos:
Cluster (0,0): 0.0789651174465 0.047827986656 0.53456111444 0.338645781458
Cluster (0,1): 0.0488893409553 0.18336898408 0.446221217547 0.321520457417
Cluster (0,2): 0.0255608186748 0.0228867023194 0.208121969147 0.743430509859
Cluster (0,3): 0.10322073174 0.285417075343 0.0843418491518 0.527020343765
Cluster (0,4): 0.702480847187 0.0870967671749 0.0620237485279 0.148398637111
Cluster (0,5): 0.314226475755 0.0839671489528 0.260578936709 0.341227438583
Cluster (0,6): 0.444938746427 0.0550051636204 0.136653069753 0.3634030202
Cluster (0,7): 0.0206947394041 0.00445893297489 0.573536224006 0.401310103615
Cluster (1,0): 0.0262891435504 0.0211446502951 0.881211361446 0.0713548447085
Cluster (1,1): 0.0147190337449 0.013890868131 0.823327377103 0.148062721021
Cluster (1,2): 0.0719471095487 0.0182128149355 0.716937138912 0.192902936604
Cluster (1,3): 0.921850383829 0.0084599491068 0.0287296018035 0.0409600652603
Cluster (1,4): 0.242111889268 0.237427617461 0.140049565561 0.380410927711
Cluster (1,5): 2.00617084662e-09 9.67329938214e-10 4.56016239916e-08 0.999999951425
Cluster (1,6): 0.000513272777351 0.000222303713311 0.00411401124046 0.995150412269
Cluster (1,7): 0.0147671536314 0.00346156081607 0.581036809765 0.400734475787

Corrected Rand index: 0.521129486718
F-measure(P,Q): 0.650895691992
OERC: 0.04

#####################################
Repetição do experimento: 1

----------Partition----------
Cluster (0,0)
Prototypes: [I_143]
Number of elements: 17
Elements: I_116, I_142, I_111, I_146, I_115, I_148, I_102, I_112, I_143, I_150, I_114, I_147, I_84, I_134, I_120, I_53, I_78

Cluster (0,1)
Prototypes: [I_106]
Number of elements: 6
Elements: I_106, I_108, I_119, I_123, I_118, I_132

Cluster (0,2)
Prototypes: [I_101]
Number of elements: 7
Elements: I_101, I_110, I_103, I_126, I_131, I_136, I_144

Cluster (0,3)
Prototypes: [I_2]
Number of elements: 0
Elements

Cluster (0,4)
Prototypes: [I_8]
Number of elements: 34
Elements: I_4, I_9, I_30, I_31, I_46, I_48, I_1, I_2, I_7, I_8, I_10, I_12, I_13, I_26, I_27, I_28, I_29, I_35, I_38, I_40, I_50, I_5, I_6, I_11, I_17, I_18, I_20, I_32, I_33, I_34, I_42, I_47, I_49, I_16

Cluster (0,5)
Prototypes: [I_36]
Number of elements: 10
Elements: I_15, I_23, I_3, I_14, I_21, I_25, I_36, I_37, I_39, I_43

Cluster (0,6)
Prototypes: [I_104]
Number of elements: 0
Elements

Cluster (0,7)
Prototypes: [I_24]
Number of elements: 4
Elements: I_45, I_24, I_44, I_22

Cluster (1,0)
Prototypes: [I_79]
Number of elements: 26
Elements: I_52, I_55, I_57, I_59, I_66, I_75, I_76, I_77, I_87, I_92, I_64, I_79, I_98, I_62, I_67, I_74, I_56, I_85, I_86, I_97, I_107, I_95, I_69, I_88, I_51, I_91

Cluster (1,1)
Prototypes: [I_128]
Number of elements: 6
Elements: I_128, I_139, I_127, I_71, I_122, I_124

Cluster (1,2)
Prototypes: [I_129]
Number of elements: 17
Elements: I_104, I_130, I_117, I_135, I_138, I_109, I_113, I_129, I_133, I_137, I_141, I_145, I_121, I_125, I_140, I_149, I_105

Cluster (1,3)
Prototypes: [I_112]
Number of elements: 0
Elements

Cluster (1,4)
Prototypes: [I_48]
Number of elements: 0
Elements

Cluster (1,5)
Prototypes: [I_20]
Number of elements: 2
Elements: I_19, I_41

Cluster (1,6)
Prototypes: [I_73]
Number of elements: 1
Elements: I_73

Cluster (1,7)
Prototypes: [I_81]
Number of elements: 20
Elements: I_58, I_61, I_94, I_99, I_82, I_54, I_60, I_65, I_70, I_80, I_81, I_90, I_63, I_68, I_83, I_93, I_100, I_72, I_89, I_96


Critério de adequação (energia): 1.15978976909
=====================================
	Confusion Matrix
Classes			 Clusters
---------------------------------------
	0,0	0,1	0,2	0,4	0,5	0,7	1,0	1,1	1,2	1,5	1,6	1,7	Total

1	0	 0	 0	 34	 10	 4	 0	 0	 0	 2	 0	 0	 50
3	14	 6	 7	 0	 0	 0	 1	 5	 17	 0	 0	 0	 50
2	3	 0	 0	 0	 0	 0	 25	 1	 0	 0	 1	 20	 50
Total	[17  6  7 34 10  4 26  6 17  2  1 20]

Matriz de pesos:
Cluster (0,0): 0.0101535566924 0.0119913178787 0.940933736341 0.0369213890877
Cluster (0,1): 0.0869354946478 0.0407229264828 0.362907832407 0.509433746462
Cluster (0,2): 0.0062073440158 0.014350764776 0.81510319089 0.164338700318
Cluster (0,3): 0.281458729678 0.0717952948873 0.367711343057 0.279034632378
Cluster (0,4): 0.0266777932962 0.00603599574554 0.637092909266 0.330193301692
Cluster (0,5): 0.00176496128357 0.00048525145949 0.11863288134 0.879116905917
Cluster (0,6): 0.361932242336 0.257536285411 0.148728814297 0.231802657956
Cluster (0,7): 0.526060496246 0.0141537811856 0.195193312775 0.264592409794
Cluster (1,0): 0.0194583948186 0.0186418697826 0.782268426641 0.179631308758
Cluster (1,1): 0.0509873841049 0.0296296984344 0.630057326004 0.289325591457
Cluster (1,2): 0.0266200133619 0.00708809196602 0.939479894912 0.0268119997599
Cluster (1,3): 0.229595460905 0.0478754461296 0.537926601297 0.184602491669
Cluster (1,4): 0.0123465906068 0.00502709708278 0.628041338614 0.354584973696
Cluster (1,5): 0.0238805608476 0.0383737598898 0.240080667238 0.697665012025
Cluster (1,6): 0.0967902592215 0.259763615688 0.230496907223 0.412949217868
Cluster (1,7): 0.0984917771134 0.0308907143258 0.460060174803 0.410557333758

Corrected Rand index: 0.538041341655
F-measure(P,Q): 0.658293744311
OERC: 0.0333333333333

#####################################
Repetição do experimento: 2

----------Partition----------
Cluster (0,0)
Prototypes: [I_100]
Number of elements: 18
Elements: I_65, I_83, I_89, I_96, I_93, I_100, I_72, I_90, I_95, I_97, I_54, I_91, I_56, I_75, I_98, I_88, I_60, I_62

Cluster (0,1)
Prototypes: [I_55]
Number of elements: 17
Elements: I_67, I_86, I_107, I_52, I_57, I_69, I_79, I_53, I_55, I_64, I_77, I_87, I_92, I_51, I_59, I_66, I_76

Cluster (0,2)
Prototypes: [I_82]
Number of elements: 10
Elements: I_99, I_58, I_61, I_82, I_94, I_80, I_81, I_63, I_68, I_70

Cluster (0,3)
Prototypes: [I_24]
Number of elements: 3
Elements: I_45, I_24, I_44

Cluster (0,4)
Prototypes: [I_35]
Number of elements: 20
Elements: I_2, I_3, I_4, I_8, I_12, I_21, I_25, I_26, I_29, I_30, I_31, I_35, I_36, I_39, I_40, I_43, I_48, I_50, I_9, I_14

Cluster (0,5)
Prototypes: [I_29]
Number of elements: 8
Elements: I_23, I_15, I_37, I_47, I_1, I_28, I_34, I_49

Cluster (0,6)
Prototypes: [I_64]
Number of elements: 0
Elements

Cluster (0,7)
Prototypes: [I_2]
Number of elements: 10
Elements: I_10, I_13, I_42, I_46, I_7, I_38, I_5, I_18, I_41, I_17

Cluster (1,0)
Prototypes: [I_103]
Number of elements: 26
Elements: I_101, I_103, I_105, I_106, I_108, I_109, I_110, I_113, I_118, I_119, I_121, I_123, I_125, I_126, I_129, I_130, I_131, I_132, I_133, I_136, I_137, I_141, I_144, I_145, I_104, I_117

Cluster (1,1)
Prototypes: [I_143]
Number of elements: 24
Elements: I_114, I_71, I_78, I_102, I_111, I_112, I_124, I_128, I_139, I_143, I_147, I_150, I_84, I_148, I_134, I_142, I_146, I_116, I_120, I_122, I_140, I_149, I_115, I_73

Cluster (1,2)
Prototypes: [I_84]
Number of elements: 3
Elements: I_135, I_74, I_127

Cluster (1,3)
Prototypes: [I_85]
Number of elements: 1
Elements: I_85

Cluster (1,4)
Prototypes: [I_66]
Number of elements: 1
Elements: I_138

Cluster (1,5)
Prototypes: [I_7]
Number of elements: 0
Elements

Cluster (1,6)
Prototypes: [I_64]
Number of elements: 0
Elements

Cluster (1,7)
Prototypes: [I_20]
Number of elements: 9
Elements: I_32, I_6, I_16, I_11, I_19, I_33, I_20, I_22, I_27


Critério de adequação (energia): 1.61343329232
=====================================
	Confusion Matrix
Classes			 Clusters
---------------------------------------
	0,0	0,1	0,2	0,3	0,4	0,5	0,7	1,0	1,1	1,2	1,3	1,4	1,7	Total

1	0	 0	 0	 3	 20	 8	 10	 0	 0	 0	 0	 0	 9	 50
3	0	 1	 0	 0	 0	 0	 0	 26	 20	 2	 0	 1	 0	 50
2	18	 16	 10	 0	 0	 0	 0	 0	 4	 1	 1	 0	 0	 50
Total	[18 17 10  3 20  8 10 26 24  3  1  1  9]

Matriz de pesos:
Cluster (0,0): 0.0531495390129 0.0327449219545 0.387195343752 0.526910195281
Cluster (0,1): 0.0115687297718 0.0104271968121 0.663166563283 0.314837510133
Cluster (0,2): 0.0333415767748 0.033234356769 0.165633334063 0.767790732393
Cluster (0,3): 0.41952762067 0.00994533967113 0.316818271096 0.253708768563
Cluster (0,4): 0.00627825801456 0.00329006072781 0.0828073806997 0.907624300558
Cluster (0,5): 5.45025430123e-05 2.21620261546e-05 0.000820134025638 0.999103201405
Cluster (0,6): 0.297222046767 0.285917986758 0.1678735562 0.248986410274
Cluster (0,7): 0.0183127047013 0.000911294503528 0.915354659158 0.0654213416367
Cluster (1,0): 0.0796002287511 0.0568979426509 0.572939303832 0.290562524766
Cluster (1,1): 0.0241822714252 0.0193720567242 0.853387314786 0.103058357064
Cluster (1,2): 0.46630414633 0.205484108002 0.232647408313 0.0955643373551
Cluster (1,3): 0.604908017227 0.146656533098 0.103914910333 0.144520539342
Cluster (1,4): 0.0383998028032 0.810015506082 0.0716893933086 0.0798952978063
Cluster (1,5): 0.0100916857967 0.0122894978106 0.454788647662 0.52283016873
Cluster (1,6): 0.583544151718 0.0796228325134 0.133284828534 0.203548187235
Cluster (1,7): 0.0177749063015 0.00775375592175 0.798664037631 0.175807300146

Corrected Rand index: 0.464699878779
F-measure(P,Q): 0.59501695415
OERC: 0.04

#####################################
Repetição do experimento: 3

----------Partition----------
Cluster (0,0)
Prototypes: [I_50]
Number of elements: 36
Elements: I_42, I_9, I_14, I_39, I_2, I_3, I_4, I_7, I_10, I_12, I_13, I_26, I_30, I_31, I_35, I_43, I_46, I_48, I_50, I_5, I_8, I_38, I_40, I_41, I_1, I_18, I_20, I_28, I_29, I_33, I_34, I_47, I_49, I_11, I_15, I_37

Cluster (0,1)
Prototypes: [I_23]
Number of elements: 4
Elements: I_23, I_21, I_25, I_36

Cluster (0,2)
Prototypes: [I_31]
Number of elements: 0
Elements

Cluster (0,3)
Prototypes: [I_82]
Number of elements: 8
Elements: I_99, I_58, I_61, I_94, I_82, I_68, I_80, I_63

Cluster (0,4)
Prototypes: [I_81]
Number of elements: 2
Elements: I_70, I_81

Cluster (0,5)
Prototypes: [I_106]
Number of elements: 7
Elements: I_118, I_106, I_132, I_119, I_123, I_110, I_136

Cluster (0,6)
Prototypes: [I_93]
Number of elements: 2
Elements: I_83, I_93

Cluster (0,7)
Prototypes: [I_57]
Number of elements: 25
Elements: I_55, I_64, I_79, I_73, I_74, I_107, I_69, I_85, I_67, I_52, I_59, I_77, I_86, I_92, I_51, I_87, I_57, I_53, I_71, I_124, I_127, I_139, I_122, I_147, I_114

Cluster (1,0)
Prototypes: [I_27]
Number of elements: 10
Elements: I_24, I_44, I_27, I_6, I_22, I_32, I_45, I_16, I_17, I_19

Cluster (1,1)
Prototypes: [I_135]
Number of elements: 1
Elements: I_84

Cluster (1,2)
Prototypes: [I_100]
Number of elements: 17
Elements: I_60, I_54, I_65, I_90, I_72, I_89, I_91, I_95, I_96, I_97, I_100, I_75, I_98, I_56, I_88, I_66, I_76

Cluster (1,3)
Prototypes: [I_135]
Number of elements: 4
Elements: I_135, I_134, I_62, I_120

Cluster (1,4)
Prototypes: [I_7]
Number of elements: 0
Elements

Cluster (1,5)
Prototypes: [I_29]
Number of elements: 0
Elements

Cluster (1,6)
Prototypes: [I_117]
Number of elements: 12
Elements: I_130, I_138, I_104, I_117, I_150, I_126, I_131, I_78, I_102, I_108, I_128, I_143

Cluster (1,7)
Prototypes: [I_113]
Number of elements: 22
Elements: I_101, I_137, I_149, I_145, I_116, I_125, I_144, I_111, I_121, I_141, I_105, I_140, I_142, I_103, I_113, I_146, I_148, I_129, I_133, I_109, I_112, I_115


Critério de adequação (energia): 1.41817328395
=====================================
	Confusion Matrix
Classes			 Clusters
---------------------------------------
	0,0	0,1	0,3	0,4	0,5	0,6	0,7	1,0	1,1	1,2	1,3	1,6	1,7	Total

1	36	 4	 0	 0	 0	 0	 0	 10	 0	 0	 0	 0	 0	 50
3	0	 0	 0	 0	 7	 0	 7	 0	 0	 0	 3	 11	 22	 50
2	0	 0	 8	 2	 0	 2	 18	 0	 1	 17	 1	 1	 0	 50
Total	[36  4  8  2  7  2 25 10  1 17  4 12 22]

Matriz de pesos:
Cluster (0,0): 0.0198553563289 0.00445280427389 0.51146584836 0.464225991037
Cluster (0,1): 0.0233786627659 0.00955145037526 0.13031962626 0.836750260599
Cluster (0,2): 0.316820840962 0.246154943351 0.215953791297 0.22107042439
Cluster (0,3): 0.0160135684993 0.0178770860016 0.0870177387767 0.879091606722
Cluster (0,4): 0.116588746325 0.160725780864 0.315212935765 0.407472537047
Cluster (0,5): 0.183900180258 0.0106867298046 0.620414347455 0.184998742482
Cluster (0,6): 0.13238052401 0.148198191731 0.36891616942 0.350505114839
Cluster (0,7): 0.0338555033853 0.00792644850119 0.792179686845 0.166038361269
Cluster (1,0): 0.0525840743617 0.00999744838394 0.64437440688 0.293044070374
Cluster (1,1): 0.337567025096 0.127660697385 0.110370206242 0.424402071278
Cluster (1,2): 0.0371014833357 0.0207202300801 0.343790474984 0.5983878116
Cluster (1,3): 0.16410964579 0.0739352529077 0.103677940593 0.65827716071
Cluster (1,4): 0.205617217128 0.297268780477 0.156579336001 0.340534666393
Cluster (1,5): 0.119804596434 0.646295487041 0.100738480697 0.133161435828
Cluster (1,6): 0.0223070495677 0.128671680099 0.252524549455 0.596496720878
Cluster (1,7): 0.0522310960067 0.0609363362566 0.621542841998 0.265289725739

Corrected Rand index: 0.517294969609
F-measure(P,Q): 0.651927700001
OERC: 0.06

#####################################
Repetição do experimento: 4

----------Partition----------
Cluster (0,0)
Prototypes: [I_103]
Number of elements: 20
Elements: I_105, I_103, I_106, I_113, I_136, I_140, I_108, I_117, I_123, I_126, I_138, I_130, I_131, I_118, I_119, I_125, I_129, I_109, I_132, I_133

Cluster (0,1)
Prototypes: [I_141]
Number of elements: 9
Elements: I_116, I_137, I_141, I_145, I_149, I_101, I_110, I_121, I_144

Cluster (0,2)
Prototypes: [I_67]
Number of elements: 2
Elements: I_67, I_85

Cluster (0,3)
Prototypes: [I_96]
Number of elements: 5
Elements: I_62, I_91, I_93, I_96, I_68

Cluster (0,4)
Prototypes: [I_122]
Number of elements: 1
Elements: I_122

Cluster (0,5)
Prototypes: [I_16]
Number of elements: 0
Elements

Cluster (0,6)
Prototypes: [I_17]
Number of elements: 1
Elements: I_17

Cluster (0,7)
Prototypes: [I_50]
Number of elements: 40
Elements: I_1, I_5, I_18, I_21, I_23, I_28, I_29, I_37, I_38, I_40, I_41, I_11, I_20, I_47, I_49, I_15, I_33, I_42, I_34, I_8, I_12, I_25, I_50, I_7, I_36, I_2, I_3, I_10, I_26, I_35, I_4, I_9, I_13, I_14, I_30, I_31, I_39, I_43, I_46, I_48

Cluster (1,0)
Prototypes: [I_147]
Number of elements: 23
Elements: I_84, I_102, I_124, I_143, I_127, I_71, I_147, I_73, I_114, I_120, I_53, I_128, I_134, I_139, I_78, I_150, I_111, I_112, I_115, I_148, I_142, I_77, I_146

Cluster (1,1)
Prototypes: [I_52]
Number of elements: 10
Elements: I_86, I_52, I_55, I_57, I_66, I_69, I_76, I_79, I_87, I_107

Cluster (1,2)
Prototypes: [I_6]
Number of elements: 0
Elements

Cluster (1,3)
Prototypes: [I_82]
Number of elements: 9
Elements: I_94, I_99, I_58, I_61, I_81, I_82, I_70, I_80, I_63

Cluster (1,4)
Prototypes: [I_97]
Number of elements: 17
Elements: I_72, I_88, I_98, I_74, I_75, I_65, I_59, I_51, I_56, I_54, I_60, I_90, I_89, I_95, I_100, I_97, I_83

Cluster (1,5)
Prototypes: [I_64]
Number of elements: 3
Elements: I_135, I_64, I_92

Cluster (1,6)
Prototypes: [I_124]
Number of elements: 1
Elements: I_104

Cluster (1,7)
Prototypes: [I_27]
Number of elements: 9
Elements: I_24, I_44, I_6, I_22, I_27, I_32, I_45, I_16, I_19


Critério de adequação (energia): 1.39883282035
=====================================
	Confusion Matrix
Classes			 Clusters
---------------------------------------
	0,0	0,1	0,2	0,3	0,4	0,6	0,7	1,0	1,1	1,3	1,4	1,5	1,6	1,7	Total

1	0	 0	 0	 0	 0	 1	 40	 0	 0	 0	 0	 0	 0	 9	 50
3	20	 9	 0	 0	 1	 0	 0	 17	 1	 0	 0	 1	 1	 0	 50
2	0	 0	 2	 5	 0	 0	 0	 6	 9	 9	 17	 2	 0	 0	 50
Total	[20  9  2  5  1  1 40 23 10  9 17  3  1  9]

Matriz de pesos:
Cluster (0,0): 0.0775466989512 0.062518306275 0.466167609 0.393767385773
Cluster (0,1): 0.0699541537196 0.0351187902415 0.36971864492 0.525208411119
Cluster (0,2): 0.0700238340806 0.301324405491 0.47377170958 0.154880050848
Cluster (0,3): 0.158518359375 0.0113186493596 0.719475380782 0.110687610483
Cluster (0,4): 0.160460307349 0.289834472777 0.461669366935 0.0880358529387
Cluster (0,5): 0.807733404468 0.0140511034007 0.0619139392405 0.116301552891
Cluster (0,6): 0.0273297127731 0.00590251074632 0.786598978166 0.180168798314
Cluster (0,7): 0.0189653499348 0.00442459464519 0.424059080064 0.552550975356
Cluster (1,0): 0.0293797131553 0.0113258803256 0.878508369015 0.0807860375044
Cluster (1,1): 0.0876412596743 0.0222409030069 0.649231692624 0.240886144694
Cluster (1,2): 0.610498356746 0.0305536745247 0.154660291846 0.204287676883
Cluster (1,3): 0.0424216580968 0.045193538836 0.252701382094 0.659683420973
Cluster (1,4): 0.00847032780791 0.0123932262395 0.155425646485 0.823710799467
Cluster (1,5): 0.364519999216 0.00644461566012 0.0676778254017 0.561357559722
Cluster (1,6): 0.401449984802 0.157004534233 0.215031551076 0.226513929889
Cluster (1,7): 0.052881269294 0.0100688871838 0.643153068018 0.293896775505

Corrected Rand index: 0.543357031008
F-measure(P,Q): 0.655926715628
OERC: 0.0533333333333

#####################################
Repetição do experimento: 5

----------Partition----------
Cluster (0,0)
Prototypes: [I_55]
Number of elements: 17
Elements: I_107, I_67, I_69, I_85, I_79, I_52, I_55, I_59, I_64, I_66, I_76, I_86, I_92, I_51, I_57, I_77, I_87

Cluster (0,1)
Prototypes: [I_100]
Number of elements: 16
Elements: I_54, I_60, I_83, I_89, I_90, I_91, I_93, I_95, I_96, I_97, I_100, I_62, I_72, I_75, I_88, I_98

Cluster (0,2)
Prototypes: [I_82]
Number of elements: 8
Elements: I_99, I_58, I_61, I_94, I_82, I_80, I_63, I_68

Cluster (0,3)
Prototypes: [I_4]
Number of elements: 0
Elements

Cluster (0,4)
Prototypes: [I_53]
Number of elements: 3
Elements: I_53, I_73, I_122

Cluster (0,5)
Prototypes: [I_49]
Number of elements: 0
Elements

Cluster (0,6)
Prototypes: [I_6]
Number of elements: 6
Elements: I_6, I_24, I_45, I_19, I_27, I_44

Cluster (0,7)
Prototypes: [I_18]
Number of elements: 14
Elements: I_7, I_10, I_17, I_18, I_20, I_22, I_32, I_46, I_33, I_16, I_13, I_38, I_41, I_42

Cluster (1,0)
Prototypes: [I_103]
Number of elements: 22
Elements: I_101, I_103, I_105, I_106, I_108, I_109, I_110, I_113, I_118, I_119, I_121, I_123, I_125, I_126, I_129, I_130, I_131, I_132, I_133, I_136, I_144, I_145

Cluster (1,1)
Prototypes: [I_124]
Number of elements: 6
Elements: I_124, I_127, I_128, I_78, I_139, I_71

Cluster (1,2)
Prototypes: [I_56]
Number of elements: 4
Elements: I_135, I_74, I_56, I_65

Cluster (1,3)
Prototypes: [I_116]
Number of elements: 9
Elements: I_104, I_112, I_116, I_117, I_137, I_138, I_149, I_140, I_141

Cluster (1,4)
Prototypes: [I_150]
Number of elements: 13
Elements: I_150, I_102, I_115, I_143, I_84, I_114, I_120, I_134, I_111, I_142, I_146, I_147, I_148

Cluster (1,5)
Prototypes: [I_81]
Number of elements: 2
Elements: I_81, I_70

Cluster (1,6)
Prototypes: [I_30]
Number of elements: 0
Elements

Cluster (1,7)
Prototypes: [I_50]
Number of elements: 30
Elements: I_15, I_23, I_37, I_1, I_2, I_3, I_5, I_14, I_29, I_34, I_36, I_39, I_43, I_50, I_9, I_25, I_48, I_4, I_8, I_11, I_21, I_28, I_35, I_40, I_49, I_12, I_26, I_30, I_31, I_47


Critério de adequação (energia): 1.26804610581
=====================================
	Confusion Matrix
Classes			 Clusters
---------------------------------------
	0,0	0,1	0,2	0,4	0,6	0,7	1,0	1,1	1,2	1,3	1,4	1,5	1,7	Total

1	0	 0	 0	 0	 6	 14	 0	 0	 0	 0	 0	 0	 30	 50
3	1	 0	 0	 1	 0	 0	 22	 4	 1	 9	 12	 0	 0	 50
2	16	 16	 8	 2	 0	 0	 0	 2	 3	 0	 1	 2	 0	 50
Total	[17 16  8  3  6 14 22  6  4  9 13  2 30]

Matriz de pesos:
Cluster (0,0): 0.0136074166958 0.0121993785584 0.623104212321 0.351088992425
Cluster (0,1): 0.0304888899386 0.0174104728726 0.515563810792 0.436536826397
Cluster (0,2): 0.0195015181505 0.0208150904599 0.103727883691 0.855955507699
Cluster (0,3): 0.1960896566 0.443402485679 0.196221356981 0.164286500741
Cluster (0,4): 0.00593748273985 0.00835796452259 0.957673394136 0.0280311586013
Cluster (0,5): 0.573009020256 0.0371630859629 0.208098442466 0.181729451315
Cluster (0,6): 0.019324551225 0.00399270987924 0.817061847353 0.159620891543
Cluster (0,7): 0.0132303765134 0.00148449728656 0.90500896236 0.0802761638403
Cluster (1,0): 0.0934512381257 0.054010267474 0.537889835823 0.314648658577
Cluster (1,1): 0.0593349836265 0.0117525096688 0.613733221302 0.315179285403
Cluster (1,2): 0.112534899937 0.183972138862 0.0894765397875 0.614016421414
Cluster (1,3): 0.137955127628 0.029245928782 0.783717572355 0.0490813712344
Cluster (1,4): 0.0411224989773 0.00316665373874 0.937803092399 0.0179077548849
Cluster (1,5): 0.468436354069 0.177442035336 0.240603281191 0.113518329404
Cluster (1,6): 0.0764634324163 0.0321071163082 0.435687285986 0.45574216529
Cluster (1,7): 0.00303273737828 0.00116298476251 0.0566100249246 0.939194252935

Corrected Rand index: 0.473921951919
F-measure(P,Q): 0.61531986532
OERC: 0.04

#####################################
Repetição do experimento: 6

----------Partition----------
Cluster (0,0)
Prototypes: [I_27]
Number of elements: 11
Elements: I_24, I_44, I_6, I_16, I_22, I_27, I_32, I_45, I_17, I_19, I_20

Cluster (0,1)
Prototypes: [I_65]
Number of elements: 1
Elements: I_65

Cluster (0,2)
Prototypes: [I_140]
Number of elements: 6
Elements: I_130, I_138, I_141, I_142, I_140, I_117

Cluster (0,3)
Prototypes: [I_124]
Number of elements: 14
Elements: I_78, I_53, I_71, I_139, I_73, I_77, I_111, I_114, I_120, I_122, I_124, I_128, I_150, I_127

Cluster (0,4)
Prototypes: [I_55]
Number of elements: 16
Elements: I_55, I_59, I_64, I_92, I_51, I_52, I_57, I_79, I_86, I_67, I_56, I_85, I_107, I_69, I_74, I_87

Cluster (0,5)
Prototypes: [I_82]
Number of elements: 10
Elements: I_68, I_70, I_81, I_82, I_58, I_61, I_94, I_99, I_80, I_63

Cluster (0,6)
Prototypes: [I_79]
Number of elements: 1
Elements: I_62

Cluster (0,7)
Prototypes: [I_112]
Number of elements: 12
Elements: I_147, I_102, I_112, I_143, I_104, I_109, I_148, I_126, I_108, I_131, I_123, I_132

Cluster (1,0)
Prototypes: [I_50]
Number of elements: 39
Elements: I_1, I_2, I_3, I_4, I_5, I_7, I_8, I_9, I_10, I_11, I_12, I_13, I_14, I_18, I_21, I_23, I_25, I_26, I_28, I_29, I_30, I_31, I_33, I_34, I_35, I_36, I_37, I_38, I_39, I_40, I_41, I_42, I_43, I_46, I_47, I_48, I_49, I_50, I_15

Cluster (1,1)
Prototypes: [I_18]
Number of elements: 0
Elements

Cluster (1,2)
Prototypes: [I_115]
Number of elements: 2
Elements: I_84, I_115

Cluster (1,3)
Prototypes: [I_134]
Number of elements: 2
Elements: I_134, I_135

Cluster (1,4)
Prototypes: [I_97]
Number of elements: 16
Elements: I_98, I_72, I_75, I_88, I_97, I_54, I_66, I_76, I_89, I_91, I_95, I_96, I_100, I_90, I_93, I_83

Cluster (1,5)
Prototypes: [I_60]
Number of elements: 1
Elements: I_60

Cluster (1,6)
Prototypes: [I_145]
Number of elements: 4
Elements: I_101, I_110, I_137, I_145

Cluster (1,7)
Prototypes: [I_105]
Number of elements: 15
Elements: I_103, I_105, I_106, I_113, I_116, I_119, I_121, I_125, I_129, I_133, I_136, I_144, I_146, I_118, I_149


Critério de adequação (energia): 0.894430868965
=====================================
	Confusion Matrix
Classes			 Clusters
---------------------------------------
	0,0	0,1	0,2	0,3	0,4	0,5	0,6	0,7	1,0	1,2	1,3	1,4	1,5	1,6	1,7	Total

1	11	 0	 0	 0	 0	 0	 0	 0	 39	 0	 0	 0	 0	 0	 0	 50
3	0	 0	 6	 9	 1	 0	 0	 12	 0	 1	 2	 0	 0	 4	 15	 50
2	0	 1	 0	 5	 15	 10	 1	 0	 0	 1	 0	 16	 1	 0	 0	 50
Total	[11  1  6 14 16 10  1 12 39  2  2 16  1  4 15]

Matriz de pesos:
Cluster (0,0): 0.0235350207802 0.00472635327455 0.591957861958 0.379780763988
Cluster (0,1): 0.371701165239 0.117935294889 0.259189968242 0.25117357163
Cluster (0,2): 0.0709040440746 0.453857388836 0.422258037079 0.0529805300102
Cluster (0,3): 0.0188942813663 0.00971600292991 0.92925038553 0.0421393301735
Cluster (0,4): 0.00553781507873 0.00636394631982 0.875343651395 0.112754587206
Cluster (0,5): 0.0441098772208 0.0399900318407 0.240619065241 0.675281025698
Cluster (0,6): 0.155783676557 0.16277146635 0.358395641342 0.323049215751
Cluster (0,7): 0.0126587561404 0.0140055497515 0.0708271518608 0.902508542247
Cluster (1,0): 0.0167622650474 0.0043229686471 0.3416273657 0.637287400606
Cluster (1,1): 0.114714633727 0.0302543184427 0.490528769395 0.364502278435
Cluster (1,2): 0.0371997044388 0.141665217924 0.763367064834 0.0577680128032
Cluster (1,3): 0.339136890517 0.153553292362 0.305174447265 0.202135369856
Cluster (1,4): 0.0141986413762 0.0108062291993 0.554326281887 0.420668847538
Cluster (1,5): 0.0955968633193 0.133852219932 0.49158848881 0.278962427939
Cluster (1,6): 0.0272363269316 0.0417492909215 0.255064430316 0.675949951831
Cluster (1,7): 0.0187322383244 0.0268082765372 0.14643748289 0.808022002248

Corrected Rand index: 0.517754396686
F-measure(P,Q): 0.607597146923
OERC: 0.0466666666667

#####################################
Repetição do experimento: 7

----------Partition----------
Cluster (0,0)
Prototypes: [I_82]
Number of elements: 10
Elements: I_68, I_63, I_70, I_80, I_81, I_82, I_99, I_58, I_61, I_94

Cluster (0,1)
Prototypes: [I_129]
Number of elements: 2
Elements: I_129, I_133

Cluster (0,2)
Prototypes: [I_87]
Number of elements: 14
Elements: I_55, I_52, I_57, I_77, I_84, I_86, I_134, I_51, I_64, I_79, I_107, I_69, I_73, I_120

Cluster (0,3)
Prototypes: [I_3]
Number of elements: 0
Elements

Cluster (0,4)
Prototypes: [I_123]
Number of elements: 1
Elements: I_123

Cluster (0,5)
Prototypes: [I_8]
Number of elements: 1
Elements: I_25

Cluster (0,6)
Prototypes: [I_24]
Number of elements: 1
Elements: I_24

Cluster (0,7)
Prototypes: [I_66]
Number of elements: 11
Elements: I_4, I_10, I_31, I_35, I_66, I_138, I_140, I_141, I_142, I_53, I_87

Cluster (1,0)
Prototypes: [I_20]
Number of elements: 37
Elements: I_6, I_15, I_16, I_17, I_19, I_33, I_34, I_42, I_20, I_47, I_22, I_11, I_49, I_44, I_5, I_38, I_18, I_1, I_28, I_32, I_41, I_21, I_37, I_23, I_29, I_40, I_27, I_8, I_12, I_36, I_50, I_7, I_3, I_9, I_30, I_48, I_43

Cluster (1,1)
Prototypes: [I_45]
Number of elements: 1
Elements: I_45

Cluster (1,2)
Prototypes: [I_95]
Number of elements: 18
Elements: I_88, I_135, I_74, I_72, I_56, I_95, I_97, I_98, I_100, I_54, I_60, I_65, I_75, I_90, I_91, I_83, I_93, I_59

Cluster (1,3)
Prototypes: [I_112]
Number of elements: 9
Elements: I_71, I_104, I_111, I_102, I_109, I_112, I_143, I_147, I_114

Cluster (1,4)
Prototypes: [I_144]
Number of elements: 11
Elements: I_118, I_110, I_119, I_149, I_137, I_101, I_121, I_144, I_145, I_115, I_116

Cluster (1,5)
Prototypes: [I_131]
Number of elements: 5
Elements: I_108, I_126, I_131, I_132, I_125

Cluster (1,6)
Prototypes: [I_127]
Number of elements: 3
Elements: I_127, I_122, I_124

Cluster (1,7)
Prototypes: [I_92]
Number of elements: 26
Elements: I_106, I_136, I_62, I_67, I_78, I_85, I_113, I_117, I_128, I_130, I_139, I_146, I_148, I_150, I_76, I_92, I_96, I_89, I_103, I_14, I_105, I_13, I_39, I_2, I_26, I_46


Critério de adequação (energia): 1.19968312785
=====================================
	Confusion Matrix
Classes			 Clusters
---------------------------------------
	0,0	0,1	0,2	0,4	0,5	0,6	0,7	1,0	1,1	1,2	1,3	1,4	1,5	1,6	1,7	Total

1	0	 0	 0	 0	 1	 1	 4	 37	 1	 0	 0	 0	 0	 0	 6	 50
3	0	 2	 3	 1	 0	 0	 4	 0	 0	 1	 8	 11	 5	 3	 12	 50
2	10	 0	 11	 0	 0	 0	 3	 0	 0	 17	 1	 0	 0	 0	 8	 50
Total	[10  2 14  1  1  1 11 37  1 18  9 11  5  3 26]

Matriz de pesos:
Cluster (0,0): 0.067092077329 0.04805450916 0.221636411911 0.6632170016
Cluster (0,1): 0.267319087222 0.249661419925 0.29552307631 0.187496416542
Cluster (0,2): 0.0104581334857 0.00640794590475 0.424743233685 0.558390686925
Cluster (0,3): 0.162619052014 0.511585623825 0.150110962284 0.175684361877
Cluster (0,4): 0.0588475525305 0.0765045579062 0.341476251496 0.523171638068
Cluster (0,5): 0.0870698772564 0.64784107097 0.107574405696 0.157514646078
Cluster (0,6): 0.155619356722 0.594990169375 0.127088890045 0.122301583859
Cluster (0,7): 0.000254199677145 0.998917823379 0.000455081821833 0.000372895121941
Cluster (1,0): 0.0378816243481 0.0052254715253 0.643750017581 0.313142886545
Cluster (1,1): 0.36593166755 0.0595008411338 0.252421237766 0.322146253551
Cluster (1,2): 0.0216804896096 0.0336685616797 0.10564542514 0.839005523571
Cluster (1,3): 0.0400280940377 0.026705645129 0.29469331996 0.638572940874
Cluster (1,4): 0.0422705600528 0.0358536989813 0.236015188922 0.685860552044
Cluster (1,5): 0.0551085128884 0.00470518388968 0.520360135814 0.419826167408
Cluster (1,6): 0.0497680526509 0.342072232109 0.383046115359 0.225113599881
Cluster (1,7): 0.000199652314923 0.999147867997 0.000341508133325 0.000310971554593

Corrected Rand index: 0.440273685205
F-measure(P,Q): 0.570410150116
OERC: 0.173333333333

#####################################
Repetição do experimento: 8

----------Partition----------
Cluster (0,0)
Prototypes: [I_50]
Number of elements: 38
Elements: I_1, I_2, I_3, I_4, I_5, I_7, I_8, I_9, I_10, I_11, I_12, I_13, I_14, I_15, I_18, I_20, I_23, I_25, I_28, I_29, I_30, I_31, I_33, I_34, I_35, I_36, I_37, I_38, I_39, I_40, I_41, I_43, I_46, I_47, I_48, I_49, I_50, I_42

Cluster (0,1)
Prototypes: [I_20]
Number of elements: 1
Elements: I_17

Cluster (0,2)
Prototypes: [I_67]
Number of elements: 0
Elements

Cluster (0,3)
Prototypes: [I_81]
Number of elements: 14
Elements: I_80, I_99, I_58, I_65, I_81, I_82, I_94, I_61, I_68, I_70, I_83, I_63, I_93, I_96

Cluster (0,4)
Prototypes: [I_6]
Number of elements: 0
Elements

Cluster (0,5)
Prototypes: [I_142]
Number of elements: 0
Elements

Cluster (0,6)
Prototypes: [I_143]
Number of elements: 15
Elements: I_115, I_84, I_111, I_134, I_150, I_53, I_78, I_102, I_114, I_120, I_142, I_143, I_146, I_148, I_122

Cluster (0,7)
Prototypes: [I_139]
Number of elements: 7
Elements: I_107, I_127, I_139, I_124, I_71, I_128, I_57

Cluster (1,0)
Prototypes: [I_27]
Number of elements: 11
Elements: I_24, I_44, I_27, I_32, I_6, I_22, I_16, I_19, I_21, I_26, I_45

Cluster (1,1)
Prototypes: [I_138]
Number of elements: 0
Elements

Cluster (1,2)
Prototypes: [I_147]
Number of elements: 2
Elements: I_73, I_147

Cluster (1,3)
Prototypes: [I_76]
Number of elements: 30
Elements: I_72, I_98, I_56, I_75, I_88, I_74, I_59, I_62, I_64, I_66, I_76, I_92, I_97, I_52, I_67, I_79, I_100, I_51, I_55, I_69, I_85, I_89, I_95, I_60, I_77, I_86, I_87, I_91, I_90, I_54

Cluster (1,4)
Prototypes: [I_148]
Number of elements: 0
Elements

Cluster (1,5)
Prototypes: [I_105]
Number of elements: 17
Elements: I_101, I_135, I_104, I_137, I_129, I_133, I_145, I_109, I_141, I_121, I_125, I_130, I_103, I_105, I_110, I_126, I_144

Cluster (1,6)
Prototypes: [I_140]
Number of elements: 7
Elements: I_113, I_116, I_140, I_149, I_112, I_117, I_138

Cluster (1,7)
Prototypes: [I_106]
Number of elements: 8
Elements: I_106, I_108, I_118, I_119, I_123, I_131, I_132, I_136


Critério de adequação (energia): 1.0801010023
=====================================
	Confusion Matrix
Classes			 Clusters
---------------------------------------
	0,0	0,1	0,3	0,6	0,7	1,0	1,2	1,3	1,5	1,6	1,7	Total

1	38	 1	 0	 0	 0	 11	 0	 0	 0	 0	 0	 50
3	0	 0	 0	 12	 5	 0	 1	 0	 17	 7	 8	 50
2	0	 0	 14	 3	 2	 0	 1	 30	 0	 0	 0	 50
Total	[38  1 14 15  7 11  2 30 17  7  8]

Matriz de pesos:
Cluster (0,0): 0.0249466347007 0.0054962216506 0.467718032388 0.50183911126
Cluster (0,1): 0.0320499884519 0.00426138555611 0.634391663763 0.329296962229
Cluster (0,2): 0.4027227804 0.043792683786 0.311122868345 0.242361667469
Cluster (0,3): 0.0755024766762 0.0313886660092 0.322256663662 0.570852193652
Cluster (0,4): 0.72987364235 0.0132027384782 0.101161289098 0.155762330074
Cluster (0,5): 0.0885302970738 0.0838824589297 0.677537144368 0.150050099629
Cluster (0,6): 0.00666593364358 0.0082436259281 0.961092692823 0.0239977476057
Cluster (0,7): 0.017600879691 0.0145243835956 0.57721179133 0.390662945383
Cluster (1,0): 0.024975165119 0.00653850251693 0.833173492296 0.135312840068
Cluster (1,1): 0.24528164531 0.464760617187 0.114217746779 0.175739990724
Cluster (1,2): 0.195341967816 0.0733092646132 0.57411989889 0.157228868681
Cluster (1,3): 0.0124305058873 0.0215111096806 0.492048588567 0.474009795865
Cluster (1,4): 0.185127392291 0.194930092005 0.456076610007 0.163865905696
Cluster (1,5): 0.0364170456285 0.0181669101037 0.903855740635 0.0415603036326
Cluster (1,6): 0.0144874906491 0.0198566526846 0.908406306147 0.0572495505197
Cluster (1,7): 0.232735538871 0.0157717722164 0.451940697711 0.299551991202

Corrected Rand index: 0.587744247053
F-measure(P,Q): 0.707033016735
OERC: 0.04

#####################################
Repetição do experimento: 9

----------Partition----------
Cluster (0,0)
Prototypes: [I_8]
Number of elements: 35
Elements: I_1, I_2, I_4, I_5, I_7, I_8, I_9, I_10, I_11, I_12, I_13, I_18, I_26, I_28, I_29, I_30, I_31, I_32, I_35, I_38, I_40, I_41, I_42, I_46, I_48, I_49, I_50, I_17, I_19, I_20, I_22, I_47, I_33, I_34, I_16

Cluster (0,1)
Prototypes: [I_3]
Number of elements: 10
Elements: I_23, I_14, I_25, I_36, I_3, I_15, I_21, I_37, I_39, I_43

Cluster (0,2)
Prototypes: [I_47]
Number of elements: 1
Elements: I_45

Cluster (0,3)
Prototypes: [I_143]
Number of elements: 0
Elements

Cluster (0,4)
Prototypes: [I_111]
Number of elements: 14
Elements: I_114, I_115, I_102, I_143, I_111, I_150, I_84, I_142, I_146, I_147, I_148, I_134, I_112, I_116

Cluster (0,5)
Prototypes: [I_124]
Number of elements: 11
Elements: I_124, I_127, I_71, I_78, I_128, I_139, I_53, I_120, I_73, I_77, I_122

Cluster (0,6)
Prototypes: [I_129]
Number of elements: 18
Elements: I_104, I_117, I_138, I_135, I_149, I_113, I_133, I_137, I_140, I_141, I_145, I_109, I_129, I_130, I_101, I_121, I_105, I_125

Cluster (0,7)
Prototypes: [I_103]
Number of elements: 8
Elements: I_119, I_103, I_108, I_131, I_144, I_110, I_126, I_136

Cluster (1,0)
Prototypes: [I_27]
Number of elements: 4
Elements: I_24, I_44, I_27, I_6

Cluster (1,1)
Prototypes: [I_133]
Number of elements: 0
Elements

Cluster (1,2)
Prototypes: [I_62]
Number of elements: 1
Elements: I_62

Cluster (1,3)
Prototypes: [I_41]
Number of elements: 0
Elements

Cluster (1,4)
Prototypes: [I_132]
Number of elements: 4
Elements: I_123, I_132, I_106, I_118

Cluster (1,5)
Prototypes: [I_92]
Number of elements: 12
Elements: I_107, I_57, I_87, I_51, I_55, I_59, I_64, I_74, I_92, I_67, I_85, I_86

Cluster (1,6)
Prototypes: [I_76]
Number of elements: 10
Elements: I_69, I_79, I_52, I_66, I_75, I_76, I_88, I_56, I_91, I_98

Cluster (1,7)
Prototypes: [I_83]
Number of elements: 22
Elements: I_58, I_61, I_89, I_94, I_65, I_99, I_54, I_81, I_90, I_96, I_97, I_70, I_80, I_82, I_83, I_93, I_95, I_100, I_63, I_68, I_72, I_60


Critério de adequação (energia): 1.27455119279
=====================================
	Confusion Matrix
Classes			 Clusters
---------------------------------------
	0,0	0,1	0,2	0,4	0,5	0,6	0,7	1,0	1,2	1,4	1,5	1,6	1,7	Total

1	35	 10	 1	 0	 0	 0	 0	 4	 0	 0	 0	 0	 0	 50
3	0	 0	 0	 13	 6	 18	 8	 0	 0	 4	 1	 0	 0	 50
2	0	 0	 0	 1	 5	 0	 0	 0	 1	 0	 11	 10	 22	 50
Total	[35 10  1 14 11 18  8  4  1  4 12 10 22]

Matriz de pesos:
Cluster (0,0): 0.0229556697041 0.00506289158916 0.674097275696 0.297884163011
Cluster (0,1): 0.0369862206644 0.0115712489445 0.102188736491 0.8492537939
Cluster (0,2): 0.33031956152 0.0816308686227 0.320423651817 0.26762591804
Cluster (0,3): 0.00685838483904 0.0079686944593 0.960695647352 0.0244772733498
Cluster (0,4): 0.00965397153679 0.00335609967394 0.960175323606 0.0268146051836
Cluster (0,5): 0.0129968085311 0.00596449565626 0.944344993308 0.036693702505
Cluster (0,6): 0.0545050025061 0.0130352995077 0.8820228925 0.0504368054867
Cluster (0,7): 0.144857823681 0.0556749433501 0.42500215431 0.374465078659
Cluster (1,0): 0.0964054994516 0.017891410275 0.840576476917 0.0451266133568
Cluster (1,1): 0.229696778057 0.483244915929 0.151213367032 0.135844938982
Cluster (1,2): 0.175134723692 0.547013021758 0.145860613736 0.131991640813
Cluster (1,3): 0.105469520415 0.570718335337 0.123312516759 0.20049962749
Cluster (1,4): 0.0431146978907 0.00341753139302 0.209828987152 0.743638783564
Cluster (1,5): 0.00613558908205 0.0105384636936 0.906334931433 0.0769910157915
Cluster (1,6): 0.00735331297489 0.0074575571467 0.81784993232 0.167339197559
Cluster (1,7): 0.0680136979887 0.0401509830554 0.432879248407 0.458956070549

Corrected Rand index: 0.507205746958
F-measure(P,Q): 0.654684095861
OERC: 0.0466666666667

#####################################
Repetição do experimento: 10

----------Partition----------
Cluster (0,0)
Prototypes: [I_50]
Number of elements: 40
Elements: I_9, I_14, I_39, I_43, I_4, I_30, I_48, I_3, I_7, I_31, I_46, I_2, I_10, I_12, I_13, I_25, I_26, I_35, I_36, I_8, I_50, I_18, I_23, I_29, I_40, I_41, I_1, I_5, I_21, I_28, I_38, I_37, I_11, I_47, I_49, I_19, I_42, I_15, I_33, I_34

Cluster (0,1)
Prototypes: [I_44]
Number of elements: 3
Elements: I_44, I_24, I_20

Cluster (0,2)
Prototypes: [I_82]
Number of elements: 2
Elements: I_70, I_81

Cluster (0,3)
Prototypes: [I_82]
Number of elements: 8
Elements: I_58, I_61, I_94, I_99, I_63, I_68, I_80, I_82

Cluster (0,4)
Prototypes: [I_100]
Number of elements: 16
Elements: I_54, I_60, I_89, I_90, I_95, I_100, I_65, I_83, I_91, I_93, I_96, I_97, I_72, I_98, I_75, I_88

Cluster (0,5)
Prototypes: [I_73]
Number of elements: 14
Elements: I_135, I_120, I_62, I_67, I_69, I_73, I_85, I_79, I_134, I_52, I_53, I_55, I_87, I_130

Cluster (0,6)
Prototypes: [I_92]
Number of elements: 12
Elements: I_64, I_66, I_76, I_92, I_107, I_51, I_57, I_59, I_74, I_77, I_56, I_86

Cluster (0,7)
Prototypes: [I_147]
Number of elements: 15
Elements: I_71, I_124, I_127, I_128, I_139, I_78, I_102, I_122, I_143, I_147, I_150, I_111, I_114, I_148, I_140

Cluster (1,0)
Prototypes: [I_32]
Number of elements: 7
Elements: I_27, I_32, I_6, I_16, I_17, I_22, I_45

Cluster (1,1)
Prototypes: [I_62]
Number of elements: 0
Elements

Cluster (1,2)
Prototypes: [I_129]
Number of elements: 3
Elements: I_129, I_104, I_133

Cluster (1,3)
Prototypes: [I_45]
Number of elements: 0
