# Topology: 2x8
# Cardinality (q): 1
# Tmin: 0.300000011921
# Tmax: 16.0
# Number of iterations: 100.0

#####################################
Repetição do experimento: 0

----------Partition----------
Cluster (0,0)
Prototypes: [I_125]
Number of elements: 9
Elements: I_125, I_145, I_137, I_121, I_130, I_141, I_129, I_135, I_113

Cluster (0,1)
Prototypes: [I_73]
Number of elements: 10
Elements: I_53, I_87, I_51, I_77, I_55, I_57, I_134, I_64, I_73, I_120

Cluster (0,2)
Prototypes: [I_117]
Number of elements: 12
Elements: I_104, I_108, I_127, I_124, I_117, I_138, I_126, I_128, I_150, I_139, I_71, I_109

Cluster (0,3)
Prototypes: [I_96]
Number of elements: 0
Elements

Cluster (0,4)
Prototypes: [I_48]
Number of elements: 24
Elements: I_31, I_35, I_4, I_3, I_30, I_36, I_43, I_48, I_2, I_9, I_14, I_26, I_39, I_50, I_12, I_25, I_23, I_21, I_8, I_29, I_37, I_1, I_15, I_40

Cluster (0,5)
Prototypes: [I_139]
Number of elements: 0
Elements

Cluster (0,6)
Prototypes: [I_76]
Number of elements: 17
Elements: I_62, I_79, I_75, I_98, I_107, I_85, I_67, I_76, I_59, I_66, I_92, I_52, I_86, I_88, I_69, I_74, I_91

Cluster (0,7)
Prototypes: [I_70]
Number of elements: 10
Elements: I_58, I_94, I_99, I_61, I_83, I_93, I_63, I_68, I_70, I_81

Cluster (1,0)
Prototypes: [I_136]
Number of elements: 7
Elements: I_110, I_101, I_132, I_131, I_136, I_144, I_103

Cluster (1,1)
Prototypes: [I_148]
Number of elements: 14
Elements: I_111, I_116, I_142, I_148, I_78, I_146, I_149, I_102, I_112, I_115, I_140, I_143, I_147, I_84

Cluster (1,2)
Prototypes: [I_105]
Number of elements: 6
Elements: I_105, I_106, I_133, I_119, I_123, I_118

Cluster (1,3)
Prototypes: [I_79]
Number of elements: 1
Elements: I_72

Cluster (1,4)
Prototypes: [I_20]
Number of elements: 26
Elements: I_42, I_20, I_22, I_47, I_5, I_19, I_24, I_27, I_32, I_33, I_38, I_45, I_49, I_11, I_16, I_6, I_17, I_34, I_28, I_18, I_41, I_44, I_7, I_10, I_46, I_13

Cluster (1,5)
Prototypes: [I_54]
Number of elements: 0
Elements

Cluster (1,6)
Prototypes: [I_56]
Number of elements: 7
Elements: I_114, I_122, I_56, I_80, I_100, I_97, I_96

Cluster (1,7)
Prototypes: [I_90]
Number of elements: 7
Elements: I_54, I_82, I_90, I_65, I_95, I_89, I_60


Critério de adequação (energia): 1.04241004651
=====================================
	Confusion Matrix
Classes			 Clusters
---------------------------------------
	0,0	0,1	0,2	0,4	0,6	0,7	1,0	1,1	1,2	1,3	1,4	1,6	1,7	Total

1	0	 0	 0	 24	 0	 0	 0	 0	 0	 0	 26	 0	 0	 50
3	9	 2	 11	 0	 1	 0	 7	 12	 6	 0	 0	 2	 0	 50
2	0	 8	 1	 0	 16	 10	 0	 2	 0	 1	 0	 5	 7	 50
Total	[ 9 10 12 24 17 10  7 14  6  1 26  7  7]

Matriz de pesos:
Cluster (0,0): 0.0344679117871 0.00606839581558 0.933594499145 0.0258691932526
Cluster (0,1): 0.0354756249301 0.00606958625942 0.448303851733 0.510150937077
Cluster (0,2): 0.00371220515565 0.0101876985364 0.0125935023836 0.973506593924
Cluster (0,3): 0.161698463197 0.594258706745 0.105486117161 0.138556712896
Cluster (0,4): 0.00748860791081 0.00786035292996 0.120540116967 0.864110922192
Cluster (0,5): 0.170714494714 0.627822414812 0.111919965513 0.0895431249605
Cluster (0,6): 0.00582883920537 0.0116708219736 0.826475950076 0.156024388745
Cluster (0,7): 0.0649560697984 0.063286630021 0.268512972729 0.603244327451
Cluster (1,0): 0.0114008312154 0.00890177054358 0.886867355046 0.0928300431946
Cluster (1,1): 0.0278630224863 0.0192215781987 0.880943632687 0.0719717666281
Cluster (1,2): 0.0129839936607 0.0227669747513 0.0921127524476 0.87213627914
Cluster (1,3): 0.370180702539 0.18435876201 0.205399986018 0.240060549433
Cluster (1,4): 0.0376229155139 0.00497989257197 0.754379548091 0.203017643823
Cluster (1,5): 0.736168217965 0.0235225913532 0.114003154521 0.126306036161
Cluster (1,6): 0.843196544096 0.0492661412169 0.0823685005676 0.0251688141192
Cluster (1,7): 0.5314569515 0.0144301942629 0.326292820794 0.127820033443

Corrected Rand index: 0.427823150555
F-measure(P,Q): 0.512274155538
OERC: 0.0533333333333

#####################################
Repetição do experimento: 1

----------Partition----------
Cluster (0,0)
Prototypes: [I_50]
Number of elements: 23
Elements: I_3, I_4, I_9, I_14, I_30, I_39, I_43, I_48, I_31, I_35, I_2, I_36, I_26, I_50, I_25, I_12, I_23, I_21, I_37, I_15, I_29, I_1, I_5

Cluster (0,1)
Prototypes: [I_138]
Number of elements: 0
Elements

Cluster (0,2)
Prototypes: [I_67]
Number of elements: 7
Elements: I_67, I_79, I_85, I_55, I_87, I_64, I_51

Cluster (0,3)
Prototypes: [I_45]
Number of elements: 1
Elements: I_45

Cluster (0,4)
Prototypes: [I_100]
Number of elements: 1
Elements: I_97

Cluster (0,5)
Prototypes: [I_106]
Number of elements: 6
Elements: I_106, I_108, I_119, I_123, I_118, I_132

Cluster (0,6)
Prototypes: [I_60]
Number of elements: 1
Elements: I_60

Cluster (0,7)
Prototypes: [I_83]
Number of elements: 22
Elements: I_75, I_98, I_72, I_88, I_63, I_93, I_100, I_54, I_68, I_83, I_90, I_95, I_96, I_61, I_70, I_81, I_82, I_65, I_94, I_58, I_80, I_99

Cluster (1,0)
Prototypes: [I_20]
Number of elements: 26
Elements: I_6, I_8, I_11, I_16, I_17, I_18, I_19, I_20, I_22, I_27, I_28, I_32, I_33, I_34, I_38, I_40, I_41, I_44, I_47, I_49, I_24, I_42, I_10, I_7, I_46, I_13

Cluster (1,1)
Prototypes: [I_85]
Number of elements: 0
Elements

Cluster (1,2)
Prototypes: [I_128]
Number of elements: 8
Elements: I_148, I_150, I_92, I_139, I_146, I_62, I_76, I_89

Cluster (1,3)
Prototypes: [I_79]
Number of elements: 8
Elements: I_52, I_86, I_59, I_107, I_56, I_69, I_66, I_91

Cluster (1,4)
Prototypes: [I_25]
Number of elements: 0
Elements

Cluster (1,5)
Prototypes: [I_103]
Number of elements: 13
Elements: I_101, I_110, I_121, I_144, I_145, I_125, I_126, I_136, I_103, I_105, I_130, I_131, I_109

Cluster (1,6)
Prototypes: [I_117]
Number of elements: 13
Elements: I_113, I_116, I_129, I_133, I_140, I_104, I_112, I_117, I_138, I_135, I_141, I_149, I_137

Cluster (1,7)
Prototypes: [I_124]
Number of elements: 21
Elements: I_111, I_71, I_128, I_78, I_147, I_102, I_114, I_143, I_122, I_124, I_127, I_84, I_53, I_57, I_73, I_134, I_120, I_77, I_74, I_115, I_142


Critério de adequação (energia): 1.15841910855
=====================================
	Confusion Matrix
Classes			 Clusters
---------------------------------------
	0,0	0,2	0,3	0,4	0,5	0,6	0,7	1,0	1,2	1,3	1,5	1,6	1,7	Total

1	23	 0	 1	 0	 0	 0	 0	 26	 0	 0	 0	 0	 0	 50
3	0	 0	 0	 0	 6	 0	 0	 0	 4	 1	 13	 13	 13	 50
2	0	 7	 0	 1	 0	 1	 22	 0	 4	 7	 0	 0	 8	 50
Total	[23  7  1  1  6  1 22 26  8  8 13 13 21]

Matriz de pesos:
Cluster (0,0): 0.00388559283407 0.00273717781064 0.0685444199029 0.924832809452
Cluster (0,1): 0.0962343165968 0.7537090754 0.067602224591 0.0824543834122
Cluster (0,2): 0.00465756456307 0.0753004024246 0.435798004898 0.484244028114
Cluster (0,3): 0.320500133893 0.129754477549 0.262895859255 0.286849529303
Cluster (0,4): 0.100248620217 0.211546832009 0.249546747681 0.438657800093
Cluster (0,5): 0.156668092915 0.00761937952183 0.628052031995 0.207660495568
Cluster (0,6): 0.079755897681 0.223343773229 0.29370215797 0.40319817112
Cluster (0,7): 0.0667422504856 0.0385927816874 0.376660975743 0.518003992084
Cluster (1,0): 0.0293807394347 0.00291459864493 0.841768329053 0.125936332867
Cluster (1,1): 0.669193731921 0.121347492406 0.0994870245542 0.109971751119
Cluster (1,2): 0.0223936107034 0.773300338582 0.18007203796 0.0242340127542
Cluster (1,3): 0.00463407436031 0.0024043972639 0.940335915869 0.0526256125069
Cluster (1,4): 0.134396222332 0.552598387235 0.176969472992 0.136035917441
Cluster (1,5): 0.0292791569962 0.0165272622547 0.90580147551 0.0483921052389
Cluster (1,6): 0.058292673689 0.0156260367204 0.906947944848 0.0191333447428
Cluster (1,7): 0.031559483816 0.0160578932194 0.900751463712 0.0516311592529

Corrected Rand index: 0.461351659975
F-measure(P,Q): 0.569340016708
OERC: 0.0866666666667

#####################################
Repetição do experimento: 2

----------Partition----------
Cluster (0,0)
Prototypes: [I_8]
Number of elements: 0
Elements

Cluster (0,1)
Prototypes: [I_69]
Number of elements: 0
Elements

Cluster (0,2)
Prototypes: [I_148]
Number of elements: 7
Elements: I_111, I_148, I_112, I_113, I_125, I_129, I_140

Cluster (0,3)
Prototypes: [I_62]
Number of elements: 2
Elements: I_62, I_79

Cluster (0,4)
Prototypes: [I_73]
Number of elements: 9
Elements: I_70, I_90, I_99, I_107, I_114, I_109, I_147, I_73, I_135

Cluster (0,5)
Prototypes: [I_7]
Number of elements: 0
Elements

Cluster (0,6)
Prototypes: [I_97]
Number of elements: 16
Elements: I_54, I_60, I_65, I_89, I_96, I_100, I_72, I_91, I_95, I_97, I_98, I_56, I_75, I_88, I_66, I_76

Cluster (0,7)
Prototypes: [I_87]
Number of elements: 22
Elements: I_74, I_67, I_85, I_92, I_52, I_59, I_64, I_86, I_69, I_55, I_120, I_51, I_57, I_77, I_87, I_53, I_134, I_71, I_127, I_139, I_122, I_84

Cluster (1,0)
Prototypes: [I_8]
Number of elements: 39
Elements: I_1, I_2, I_4, I_5, I_7, I_8, I_9, I_10, I_11, I_12, I_13, I_17, I_18, I_19, I_20, I_22, I_24, I_26, I_27, I_28, I_29, I_30, I_31, I_32, I_35, I_38, I_40, I_41, I_42, I_45, I_46, I_47, I_48, I_49, I_50, I_6, I_33, I_34, I_16

Cluster (1,1)
Prototypes: [I_3]
Number of elements: 10
Elements: I_23, I_14, I_15, I_25, I_36, I_37, I_3, I_21, I_39, I_43

Cluster (1,2)
Prototypes: [I_44]
Number of elements: 1
Elements: I_44

Cluster (1,3)
Prototypes: [I_43]
Number of elements: 0
Elements

Cluster (1,4)
Prototypes: [I_83]
Number of elements: 3
Elements: I_81, I_83, I_93

Cluster (1,5)
Prototypes: [I_82]
Number of elements: 7
Elements: I_58, I_94, I_61, I_63, I_68, I_80, I_82

Cluster (1,6)
Prototypes: [I_104]
Number of elements: 14
Elements: I_130, I_104, I_117, I_138, I_150, I_126, I_102, I_108, I_143, I_131, I_78, I_123, I_124, I_128

Cluster (1,7)
Prototypes: [I_144]
Number of elements: 20
Elements: I_106, I_103, I_105, I_115, I_118, I_119, I_132, I_133, I_136, I_142, I_146, I_121, I_141, I_144, I_110, I_101, I_116, I_145, I_137, I_149


Critério de adequação (energia): 1.54609129987
=====================================
	Confusion Matrix
Classes			 Clusters
---------------------------------------
	0,2	0,3	0,4	0,6	0,7	1,0	1,1	1,2	1,4	1,5	1,6	1,7	Total

1	0	 0	 0	 0	 0	 39	 10	 1	 0	 0	 0	 0	 50
3	7	 0	 5	 0	 5	 0	 0	 0	 0	 0	 13	 20	 50
2	0	 2	 4	 16	 17	 0	 0	 0	 3	 7	 1	 0	 50
Total	[ 7  2  9 16 22 39 10  1  3  7 14 20]

Matriz de pesos:
Cluster (0,0): 0.0275179861849 0.00536463608058 0.748361490231 0.218755887504
Cluster (0,1): 0.359354934142 0.0883520849705 0.265681531762 0.286611449125
Cluster (0,2): 0.314755351477 0.013617571571 0.384826907288 0.286800169664
Cluster (0,3): 0.193057360237 0.0916772953948 0.310778234392 0.404487109976
Cluster (0,4): 0.00735752987009 0.933295455917 0.0245884594804 0.0347585547325
Cluster (0,5): 0.263368331445 0.173718242858 0.232750953442 0.330162472255
Cluster (0,6): 0.0163989280608 0.0161173350678 0.278997729259 0.688486007612
Cluster (0,7): 0.0184910091407 0.0182168004984 0.800646210038 0.162645980323
Cluster (1,0): 0.0275179166852 0.00536462212133 0.748361897558 0.218755563636
Cluster (1,1): 0.00607308256146 0.00363574745729 0.114168300109 0.876122869872
Cluster (1,2): 0.230343598822 0.324855714829 0.209849099357 0.234951586992
Cluster (1,3): 0.19300581473 0.303125042193 0.234354884678 0.2695142584
Cluster (1,4): 0.0729806776815 0.0211521723118 0.539115315228 0.366751834778
Cluster (1,5): 0.0204609678912 0.0210737885513 0.150534927964 0.807930315594
Cluster (1,6): 0.022098123131 0.103356844174 0.206577027023 0.667968005672
Cluster (1,7): 0.05729835284 0.0554367174469 0.314143235246 0.573121694467

Corrected Rand index: 0.534106264081
F-measure(P,Q): 0.644227183553
OERC: 0.0666666666667

#####################################
Repetição do experimento: 3

----------Partition----------
Cluster (0,0)
Prototypes: [I_32]
Number of elements: 7
Elements: I_6, I_17, I_32, I_45, I_16, I_22, I_27

Cluster (0,1)
Prototypes: [I_24]
Number of elements: 2
Elements: I_24, I_44

Cluster (0,2)
Prototypes: [I_126]
Number of elements: 0
Elements

Cluster (0,3)
Prototypes: [I_79]
Number of elements: 10
Elements: I_65, I_79, I_59, I_64, I_75, I_97, I_98, I_108, I_104, I_123

Cluster (0,4)
Prototypes: [I_78]
Number of elements: 20
Elements: I_106, I_103, I_113, I_136, I_105, I_130, I_78, I_117, I_62, I_76, I_128, I_139, I_150, I_67, I_85, I_89, I_96, I_146, I_92, I_148

Cluster (0,5)
Prototypes: [I_111]
Number of elements: 13
Elements: I_142, I_111, I_140, I_115, I_116, I_122, I_114, I_102, I_112, I_143, I_84, I_53, I_147

Cluster (0,6)
Prototypes: [I_144]
Number of elements: 13
Elements: I_101, I_110, I_137, I_145, I_121, I_125, I_129, I_133, I_141, I_144, I_118, I_119, I_149

Cluster (0,7)
Prototypes: [I_117]
Number of elements: 8
Elements: I_126, I_138, I_131, I_109, I_124, I_127, I_71, I_132

Cluster (1,0)
Prototypes: [I_20]
Number of elements: 9
Elements: I_19, I_33, I_20, I_18, I_10, I_38, I_7, I_41, I_42

Cluster (1,1)
Prototypes: [I_50]
Number of elements: 29
Elements: I_8, I_12, I_25, I_50, I_40, I_29, I_23, I_1, I_5, I_26, I_35, I_31, I_2, I_4, I_37, I_9, I_15, I_28, I_47, I_39, I_48, I_3, I_30, I_43, I_34, I_36, I_11, I_21, I_49

Cluster (1,2)
Prototypes: [I_3]
Number of elements: 0
Elements

Cluster (1,3)
Prototypes: [I_2]
Number of elements: 3
Elements: I_14, I_13, I_46

Cluster (1,4)
Prototypes: [I_3]
Number of elements: 0
Elements

Cluster (1,5)
Prototypes: [I_55]
Number of elements: 12
Elements: I_51, I_52, I_66, I_87, I_57, I_86, I_55, I_77, I_56, I_74, I_107, I_88

Cluster (1,6)
Prototypes: [I_73]
Number of elements: 5
Elements: I_135, I_120, I_134, I_73, I_69

Cluster (1,7)
Prototypes: [I_70]
Number of elements: 19
Elements: I_60, I_94, I_82, I_61, I_68, I_70, I_81, I_83, I_100, I_91, I_90, I_95, I_93, I_72, I_58, I_54, I_63, I_80, I_99


Critério de adequação (energia): 1.13030915543
=====================================
	Confusion Matrix
Classes			 Clusters
---------------------------------------
	0,0	0,1	0,3	0,4	0,5	0,6	0,7	1,0	1,1	1,3	1,5	1,6	1,7	Total

1	7	 2	 0	 0	 0	 0	 0	 9	 29	 3	 0	 0	 0	 50
3	0	 0	 3	 12	 11	 13	 7	 0	 0	 0	 1	 3	 0	 50
2	0	 0	 7	 8	 2	 0	 1	 0	 0	 0	 11	 2	 19	 50
Total	[ 7  2 10 20 13 13  8  9 29  3 12  5 19]

Matriz de pesos:
Cluster (0,0): 0.00385463002077 0.000269332969299 0.0306998402984 0.965176196712
Cluster (0,1): 0.104252063745 0.0259217562787 0.717659138569 0.152167041407
Cluster (0,2): 0.0930353498911 0.406855849028 0.154746258226 0.345362542855
Cluster (0,3): 0.00650492947603 0.93256445113 0.0156084662723 0.0453221531218
Cluster (0,4): 0.00131579065442 0.987612350862 0.00606362473024 0.00500823375342
Cluster (0,5): 0.0173145360912 0.00916946659565 0.882180011352 0.0913359859607
Cluster (0,6): 0.0598260460047 0.0377097252294 0.331803649467 0.570660579299
Cluster (0,7): 0.0261639285123 0.0201066466378 0.140074953658 0.813654471191
Cluster (1,0): 0.0279781901843 0.00257110457465 0.846664859684 0.122785845557
Cluster (1,1): 0.000436607872755 0.000152020743692 0.00787447736852 0.991536894015
Cluster (1,2): 0.0150950489707 0.00679479904438 0.201487386098 0.776622765887
Cluster (1,3): 0.00361926935967 0.968155840617 0.0132633348592 0.014961555164
Cluster (1,4): 0.060285471544 0.799327256896 0.0655535336148 0.0748337379453
Cluster (1,5): 0.0109867212898 0.0101242070339 0.811963169169 0.166925902507
Cluster (1,6): 0.240261490065 0.0418948477872 0.227584822688 0.49025883946
Cluster (1,7): 0.0944243537935 0.0721614541526 0.39175527318 0.441658918874

Corrected Rand index: 0.403494154169
F-measure(P,Q): 0.56586675519
OERC: 0.113333333333

#####################################
Repetição do experimento: 4

----------Partition----------
Cluster (0,0)
Prototypes: [I_62]
Number of elements: 26
Elements: I_14, I_39, I_13, I_2, I_26, I_46, I_62, I_67, I_76, I_78, I_85, I_89, I_92, I_96, I_103, I_105, I_106, I_113, I_117, I_128, I_130, I_136, I_139, I_146, I_148, I_150

Cluster (0,1)
Prototypes: [I_13]
Number of elements: 0
Elements

Cluster (0,2)
Prototypes: [I_28]
Number of elements: 0
Elements

Cluster (0,3)
Prototypes: [I_133]
Number of elements: 0
Elements

Cluster (0,4)
Prototypes: [I_27]
Number of elements: 6
Elements: I_44, I_6, I_24, I_27, I_19, I_21

Cluster (0,5)
Prototypes: [I_1]
Number of elements: 0
Elements

Cluster (0,6)
Prototypes: [I_106]
Number of elements: 5
Elements: I_119, I_118, I_123, I_131, I_132

Cluster (0,7)
Prototypes: [I_113]
Number of elements: 22
Elements: I_121, I_140, I_141, I_142, I_133, I_144, I_101, I_111, I_116, I_125, I_129, I_137, I_145, I_110, I_149, I_138, I_109, I_112, I_114, I_147, I_71, I_126

Cluster (1,0)
Prototypes: [I_64]
Number of elements: 9
Elements: I_65, I_75, I_97, I_98, I_108, I_59, I_64, I_79, I_104

Cluster (1,1)
Prototypes: [I_122]
Number of elements: 9
Elements: I_122, I_127, I_115, I_74, I_77, I_124, I_56, I_102, I_143

Cluster (1,2)
Prototypes: [I_20]
Number of elements: 0
Elements

Cluster (1,3)
Prototypes: [I_32]
Number of elements: 4
Elements: I_32, I_16, I_17, I_22

Cluster (1,4)
Prototypes: [I_5]
Number of elements: 33
Elements: I_23, I_25, I_1, I_5, I_7, I_8, I_12, I_18, I_20, I_38, I_40, I_41, I_47, I_11, I_28, I_29, I_49, I_50, I_33, I_37, I_15, I_34, I_36, I_3, I_30, I_48, I_42, I_43, I_31, I_35, I_10, I_4, I_9

Cluster (1,5)
Prototypes: [I_45]
Number of elements: 1
Elements: I_45

Cluster (1,6)
Prototypes: [I_73]
Number of elements: 15
Elements: I_135, I_73, I_120, I_51, I_53, I_57, I_69, I_84, I_87, I_134, I_52, I_66, I_86, I_107, I_55

Cluster (1,7)
Prototypes: [I_70]
Number of elements: 20
Elements: I_54, I_58, I_60, I_61, I_63, I_68, I_70, I_72, I_80, I_81, I_82, I_83, I_88, I_90, I_91, I_93, I_94, I_95, I_99, I_100


Critério de adequação (energia): 1.56442937719
=====================================
	Confusion Matrix
Classes			 Clusters
---------------------------------------
	0,0	0,4	0,6	0,7	1,0	1,1	1,3	1,4	1,5	1,6	1,7	Total

1	6	 6	 0	 0	 0	 0	 4	 33	 1	 0	 0	 50
3	12	 0	 5	 21	 2	 6	 0	 0	 0	 4	 0	 50
2	8	 0	 0	 1	 7	 3	 0	 0	 0	 11	 20	 50
Total	[26  6  5 22  9  9  4 33  1 15 20]

Matriz de pesos:
Cluster (0,0): 5.65539309071e-05 0.999788709907 7.83240792822e-05 7.64120823826e-05
Cluster (0,1): 0.0229213498979 0.939824002315 0.0198791374269 0.01737551036
Cluster (0,2): 0.503697221173 0.205157660806 0.157650292153 0.133494825867
Cluster (0,3): 0.375650837277 0.300309171132 0.164675448859 0.159364542732
Cluster (0,4): 0.0281221552438 0.00506702561357 0.885762486229 0.0810483329141
Cluster (0,5): 0.129422913507 0.522490867093 0.146547499745 0.201538719655
Cluster (0,6): 0.170204909073 0.01178307697 0.413777071583 0.404234942374
Cluster (0,7): 0.0877419494171 0.0511853355704 0.619976800381 0.241095914631
Cluster (1,0): 0.00255524552619 0.981088197908 0.0049242058833 0.0114323506823
Cluster (1,1): 0.0164841212055 0.407823368699 0.55441094451 0.0212815655855
Cluster (1,2): 0.499872090318 0.12406367862 0.191652031441 0.184412199621
Cluster (1,3): 0.0196512635465 0.00964387734897 0.849375296932 0.121329562173
Cluster (1,4): 0.0238118279666 0.00528159838101 0.51336877569 0.457537797963
Cluster (1,5): 0.279740487659 0.0919781552378 0.279036590756 0.349244766347
Cluster (1,6): 0.0287125144636 0.00730376758561 0.251079024171 0.712904693779
Cluster (1,7): 0.0930048052619 0.080789304875 0.412478641452 0.413727248411

Corrected Rand index: 0.453364340153
F-measure(P,Q): 0.649980875884
OERC: 0.16

#####################################
Repetição do experimento: 5

----------Partition----------
Cluster (0,0)
Prototypes: [I_103]
Number of elements: 20
Elements: I_109, I_131, I_129, I_133, I_130, I_136, I_103, I_105, I_126, I_141, I_121, I_144, I_125, I_145, I_101, I_110, I_137, I_118, I_132, I_104

Cluster (0,1)
Prototypes: [I_98]
Number of elements: 8
Elements: I_62, I_98, I_75, I_97, I_76, I_96, I_66, I_95

Cluster (0,2)
Prototypes: [I_93]
Number of elements: 12
Elements: I_65, I_60, I_72, I_83, I_100, I_93, I_70, I_81, I_89, I_90, I_54, I_63

Cluster (0,3)
Prototypes: [I_123]
Number of elements: 4
Elements: I_123, I_119, I_106, I_108

Cluster (0,4)
Prototypes: [I_94]
Number of elements: 1
Elements: I_94

Cluster (0,5)
Prototypes: [I_55]
Number of elements: 0
Elements

Cluster (0,6)
Prototypes: [I_45]
Number of elements: 3
Elements: I_99, I_45, I_24

Cluster (0,7)
Prototypes: [I_20]
Number of elements: 26
Elements: I_42, I_34, I_33, I_6, I_16, I_17, I_20, I_47, I_19, I_22, I_49, I_11, I_38, I_44, I_18, I_28, I_41, I_27, I_8, I_40, I_46, I_13, I_32, I_10, I_7, I_35

Cluster (1,0)
Prototypes: [I_148]
Number of elements: 18
Elements: I_84, I_135, I_102, I_143, I_150, I_111, I_112, I_148, I_117, I_134, I_138, I_115, I_142, I_146, I_116, I_149, I_140, I_113

Cluster (1,1)
Prototypes: [I_92]
Number of elements: 18
Elements: I_74, I_56, I_59, I_64, I_79, I_92, I_55, I_87, I_91, I_51, I_52, I_67, I_85, I_88, I_69, I_86, I_107, I_57

Cluster (1,2)
Prototypes: [I_128]
Number of elements: 13
Elements: I_53, I_128, I_71, I_124, I_73, I_122, I_127, I_139, I_77, I_78, I_114, I_120, I_147

Cluster (1,3)
Prototypes: [I_12]
Number of elements: 0
Elements

Cluster (1,4)
Prototypes: [I_71]
Number of elements: 0
Elements

Cluster (1,5)
Prototypes: [I_58]
Number of elements: 5
Elements: I_58, I_61, I_80, I_68, I_82

Cluster (1,6)
Prototypes: [I_121]
Number of elements: 0
Elements

Cluster (1,7)
Prototypes: [I_50]
Number of elements: 22
Elements: I_3, I_4, I_14, I_30, I_39, I_43, I_48, I_9, I_36, I_31, I_25, I_23, I_50, I_21, I_37, I_12, I_2, I_26, I_29, I_15, I_1, I_5


Critério de adequação (energia): 1.23120504088
=====================================
	Confusion Matrix
Classes			 Clusters
---------------------------------------
	0,0	0,1	0,2	0,3	0,4	0,6	0,7	1,0	1,1	1,2	1,5	1,7	Total

1	0	 0	 0	 0	 0	 2	 26	 0	 0	 0	 0	 22	 50
3	20	 0	 0	 4	 0	 0	 0	 17	 1	 8	 0	 0	 50
2	0	 8	 12	 0	 1	 1	 0	 1	 17	 5	 5	 0	 50
Total	[20  8 12  4  1  3 26 18 18 13  5 22]

Matriz de pesos:
Cluster (0,0): 0.050973753217 0.0307862291044 0.746227863147 0.172012154532
Cluster (0,1): 0.0370160971291 0.158705226311 0.58276154434 0.22151713222
Cluster (0,2): 0.0706055513877 0.0292659259738 0.663234073234 0.236894449404
Cluster (0,3): 0.13764825106 0.178061493902 0.399449197927 0.284841057111
Cluster (0,4): 0.067044058856 0.418310057768 0.182321173059 0.332324710317
Cluster (0,5): 0.100030088345 0.148740940402 0.336806194454 0.4144227768
Cluster (0,6): 0.954060512387 0.00134356645882 0.0304497979905 0.0141461231636
Cluster (0,7): 0.0292713172407 0.0029426304229 0.84016283154 0.127623220797
Cluster (1,0): 0.0414136470178 0.0221103426777 0.862774057334 0.0737019529706
Cluster (1,1): 0.0115117422466 0.008224140861 0.845300586204 0.134963530688
Cluster (1,2): 0.0175606875113 0.0106587142746 0.909307413521 0.0624731846928
Cluster (1,3): 0.150318439535 0.500264644056 0.170896593236 0.178520323172
Cluster (1,4): 0.272509487187 0.0631956974704 0.421229663245 0.243065152098
Cluster (1,5): 1.00697781242e-05 9.12830575738e-06 0.000370882031204 0.999609919885
Cluster (1,6): 0.105429946066 0.684387624516 0.118997857557 0.0911845718612
Cluster (1,7): 0.00387851951075 0.0026628037514 0.0686128239651 0.924845852773

Corrected Rand index: 0.474583144767
F-measure(P,Q): 0.585213032581
OERC: 0.0533333333333

#####################################
Repetição do experimento: 6

----------Partition----------
Cluster (0,0)
Prototypes: [I_8]
Number of elements: 15
Elements: I_25, I_21, I_12, I_23, I_30, I_3, I_31, I_36, I_43, I_8, I_37, I_4, I_28, I_35, I_39

Cluster (0,1)
Prototypes: [I_145]
Number of elements: 0
Elements

Cluster (0,2)
Prototypes: [I_41]
Number of elements: 0
Elements

Cluster (0,3)
Prototypes: [I_45]
Number of elements: 9
Elements: I_99, I_45, I_20, I_22, I_24, I_47, I_18, I_40, I_60

Cluster (0,4)
Prototypes: [I_33]
Number of elements: 0
Elements

Cluster (0,5)
Prototypes: [I_84]
Number of elements: 17
Elements: I_114, I_122, I_115, I_102, I_143, I_150, I_84, I_120, I_134, I_111, I_142, I_147, I_148, I_78, I_112, I_116, I_146

Cluster (0,6)
Prototypes: [I_57]
Number of elements: 26
Elements: I_74, I_127, I_139, I_57, I_64, I_71, I_73, I_128, I_55, I_86, I_124, I_53, I_87, I_77, I_51, I_52, I_59, I_69, I_92, I_79, I_56, I_67, I_85, I_66, I_76, I_107

Cluster (0,7)
Prototypes: [I_93]
Number of elements: 22
Elements: I_54, I_63, I_70, I_80, I_81, I_82, I_83, I_88, I_90, I_91, I_93, I_95, I_100, I_97, I_72, I_65, I_89, I_96, I_62, I_98, I_75, I_68

Cluster (1,0)
Prototypes: [I_5]
Number of elements: 21
Elements: I_2, I_7, I_9, I_13, I_14, I_29, I_38, I_46, I_48, I_50, I_42, I_11, I_49, I_16, I_34, I_15, I_17, I_19, I_5, I_1, I_33

Cluster (1,1)
Prototypes: [I_40]
Number of elements: 3
Elements: I_32, I_10, I_6

Cluster (1,2)
Prototypes: [I_99]
Number of elements: 0
Elements

Cluster (1,3)
Prototypes: [I_44]
Number of elements: 7
Elements: I_58, I_61, I_94, I_27, I_44, I_26, I_41

Cluster (1,4)
Prototypes: [I_25]
Number of elements: 0
Elements

Cluster (1,5)
Prototypes: [I_101]
Number of elements: 1
Elements: I_101

Cluster (1,6)
Prototypes: [I_125]
Number of elements: 21
Elements: I_145, I_105, I_110, I_121, I_125, I_137, I_141, I_144, I_149, I_113, I_129, I_133, I_140, I_135, I_104, I_117, I_130, I_138, I_109, I_103, I_126

Cluster (1,7)
Prototypes: [I_106]
Number of elements: 8
Elements: I_106, I_108, I_118, I_119, I_123, I_131, I_132, I_136


Critério de adequação (energia): 1.17684268862
=====================================
	Confusion Matrix
Classes			 Clusters
---------------------------------------
	0,0	0,3	0,5	0,6	0,7	1,0	1,1	1,3	1,5	1,6	1,7	Total

1	15	 7	 0	 0	 0	 21	 3	 4	 0	 0	 0	 50
3	0	 0	 15	 5	 0	 0	 0	 0	 1	 21	 8	 50
2	0	 2	 2	 21	 22	 0	 0	 3	 0	 0	 0	 50
Total	[15  9 17 26 22 21  3  7  1 21  8]

Matriz de pesos:
Cluster (0,0): 0.00062414825101 0.000495351027437 0.00595781016292 0.992922690559
Cluster (0,1): 0.028305605128 0.933507329894 0.0233509968221 0.0148360681558
Cluster (0,2): 0.89145931005 0.0148546705835 0.0467315666594 0.046954452707
Cluster (0,3): 0.986158005087 0.00083001289981 0.00761775406689 0.00539422794588
Cluster (0,4): 0.555072512272 0.0844693882912 0.21355867467 0.146899424767
Cluster (0,5): 0.0137362395298 0.00879046640196 0.965829415859 0.0116438782091
Cluster (0,6): 0.0264064034901 0.00818141771658 0.823141117659 0.142271061134
Cluster (0,7): 0.100343229101 0.0335484820651 0.520819752346 0.345288536488
Cluster (1,0): 0.0138601467002 0.00285674918259 0.724923356123 0.258359747994
Cluster (1,1): 0.00327356880725 0.00119909303129 0.987503945877 0.00802339228487
Cluster (1,2): 0.875625302103 0.0123097331981 0.0663933990935 0.0456715656052
Cluster (1,3): 0.983329019412 0.000555447719357 0.00490716133325 0.0112083715354
Cluster (1,4): 0.513742155369 0.0861367102789 0.249930911288 0.150190223064
Cluster (1,5): 0.255072106448 0.0731388425557 0.533395194186 0.138393856811
Cluster (1,6): 0.0672840991849 0.0175595384845 0.843187068555 0.0719692937758
Cluster (1,7): 0.204722968459 0.0232193648172 0.425701497249 0.346356169475

Corrected Rand index: 0.459437731577
F-measure(P,Q): 0.598069900887
OERC: 0.08

#####################################
Repetição do experimento: 7

----------Partition----------
Cluster (0,0)
Prototypes: [I_27]
Number of elements: 11
Elements: I_24, I_44, I_27, I_6, I_22, I_32, I_45, I_16, I_19, I_17, I_20

Cluster (0,1)
Prototypes: [I_76]
Number of elements: 1
Elements: I_76

Cluster (0,2)
Prototypes: [I_82]
Number of elements: 7
Elements: I_68, I_80, I_58, I_63, I_82, I_94, I_61

Cluster (0,3)
Prototypes: [I_30]
Number of elements: 0
Elements

Cluster (0,4)
Prototypes: [I_86]
Number of elements: 4
Elements: I_57, I_86, I_107, I_92

Cluster (0,5)
Prototypes: [I_128]
Number of elements: 12
Elements: I_71, I_139, I_127, I_128, I_124, I_150, I_78, I_122, I_102, I_114, I_143, I_147

Cluster (0,6)
Prototypes: [I_41]
Number of elements: 0
Elements

Cluster (0,7)
Prototypes: [I_148]
Number of elements: 3
Elements: I_111, I_112, I_148

Cluster (1,0)
Prototypes: [I_50]
Number of elements: 38
Elements: I_34, I_15, I_33, I_42, I_11, I_47, I_49, I_1, I_5, I_28, I_38, I_8, I_18, I_21, I_23, I_29, I_37, I_40, I_41, I_2, I_12, I_13, I_25, I_26, I_35, I_36, I_50, I_3, I_30, I_31, I_46, I_4, I_7, I_48, I_9, I_39, I_43, I_14

Cluster (1,1)
Prototypes: [I_10]
Number of elements: 1
Elements: I_10

Cluster (1,2)
Prototypes: [I_82]
Number of elements: 0
Elements

Cluster (1,3)
Prototypes: [I_81]
Number of elements: 3
Elements: I_99, I_81, I_70

Cluster (1,4)
Prototypes: [I_95]
Number of elements: 20
Elements: I_88, I_56, I_72, I_89, I_95, I_96, I_97, I_100, I_60, I_74, I_91, I_98, I_90, I_93, I_75, I_83, I_54, I_59, I_65, I_66

Cluster (1,5)
Prototypes: [I_73]
Number of elements: 18
Elements: I_52, I_51, I_87, I_53, I_134, I_84, I_135, I_77, I_55, I_73, I_64, I_79, I_120, I_67, I_85, I_62, I_69, I_130

Cluster (1,6)
Prototypes: [I_140]
Number of elements: 13
Elements: I_117, I_138, I_142, I_104, I_115, I_116, I_140, I_141, I_145, I_146, I_149, I_113, I_137

Cluster (1,7)
Prototypes: [I_103]
Number of elements: 19
Elements: I_101, I_103, I_105, I_106, I_108, I_110, I_118, I_119, I_121, I_123, I_125, I_126, I_132, I_133, I_136, I_144, I_129, I_131, I_109


Critério de adequação (energia): 1.34837097538
=====================================
	Confusion Matrix
Classes			 Clusters
---------------------------------------
	0,0	0,1	0,2	0,4	0,5	0,7	1,0	1,1	1,3	1,4	1,5	1,6	1,7	Total

1	11	 0	 0	 0	 0	 0	 38	 1	 0	 0	 0	 0	 0	 50
3	0	 0	 0	 1	 10	 3	 0	 0	 0	 0	 4	 13	 19	 50
2	0	 1	 7	 3	 2	 0	 0	 0	 3	 20	 14	 0	 0	 50
Total	[11  1  7  4 12  3 38  1  3 20 18 13 19]

Matriz de pesos:
Cluster (0,0): 0.0208741491134 0.00450280903146 0.574431093595 0.40019194826
Cluster (0,1): 0.175179246052 0.156422068256 0.274379903354 0.394018782339
Cluster (0,2): 4.28914626346e-07 4.36379547324e-07 3.71050128304e-06 0.999995424205
Cluster (0,3): 0.354893204889 0.145975605345 0.253547517911 0.245583671855
Cluster (0,4): 0.0067167279875 0.00283034210576 0.639689531177 0.35076339873
Cluster (0,5): 0.0277326838447 0.00992135282409 0.751173699808 0.211172263523
Cluster (0,6): 0.27973057204 0.425606189632 0.151649978392 0.143013259937
Cluster (0,7): 0.137328143163 0.015580045306 0.391126216572 0.455965594959
Cluster (1,0): 0.017794561306 0.00437973702157 0.359970845414 0.617854856259
Cluster (1,1): 0.0429715895815 0.00694838977832 0.656237999838 0.293842020803
Cluster (1,2): 0.0211960758143 0.0231589883226 0.113888910111 0.841756025752
Cluster (1,3): 0.0181947858158 0.028672538519 0.0243195302743 0.928813145391
Cluster (1,4): 0.0132400898793 0.0193649722481 0.231171893533 0.736223044339
Cluster (1,5): 0.0255986967765 0.00754418671596 0.152987799179 0.813869317328
Cluster (1,6): 0.0301846422063 0.0672464734961 0.808847918932 0.0937209653652
Cluster (1,7): 0.0788785662745 0.0430649896548 0.487969047579 0.390087396492

Corrected Rand index: 0.534738469308
F-measure(P,Q): 0.661929857582
OERC: 0.0466666666667

#####################################
Repetição do experimento: 8

----------Partition----------
Cluster (0,0)
Prototypes: [I_111]
Number of elements: 17
Elements: I_149, I_114, I_147, I_111, I_116, I_102, I_143, I_112, I_122, I_142, I_148, I_115, I_146, I_78, I_84, I_134, I_120

Cluster (0,1)
Prototypes: [I_117]
Number of elements: 14
Elements: I_104, I_117, I_126, I_131, I_138, I_150, I_128, I_139, I_108, I_71, I_127, I_109, I_107, I_124

Cluster (0,2)
Prototypes: [I_62]
Number of elements: 1
Elements: I_62

Cluster (0,3)
Prototypes: [I_5]
Number of elements: 0
Elements

Cluster (0,4)
Prototypes: [I_95]
Number of elements: 3
Elements: I_60, I_68, I_95

Cluster (0,5)
Prototypes: [I_59]
Number of elements: 2
Elements: I_59, I_75

Cluster (0,6)
Prototypes: [I_25]
Number of elements: 1
Elements: I_25

Cluster (0,7)
Prototypes: [I_50]
Number of elements: 39
Elements: I_1, I_5, I_7, I_8, I_11, I_12, I_18, I_20, I_21, I_23, I_28, I_29, I_37, I_38, I_40, I_41, I_47, I_49, I_50, I_2, I_3, I_4, I_9, I_10, I_13, I_14, I_26, I_30, I_31, I_35, I_36, I_39, I_42, I_43, I_46, I_48, I_15, I_33, I_34

Cluster (1,0)
Prototypes: [I_93]
Number of elements: 24
Elements: I_93, I_72, I_83, I_89, I_96, I_97, I_100, I_58, I_70, I_82, I_94, I_81, I_90, I_91, I_54, I_61, I_63, I_56, I_88, I_98, I_74, I_80, I_65, I_99

Cluster (1,1)
Prototypes: [I_55]
Number of elements: 17
Elements: I_53, I_73, I_77, I_55, I_57, I_87, I_51, I_64, I_86, I_52, I_69, I_79, I_67, I_92, I_66, I_76, I_85

Cluster (1,2)
Prototypes: [I_125]
Number of elements: 10
Elements: I_130, I_141, I_101, I_121, I_145, I_125, I_129, I_137, I_135, I_133

Cluster (1,3)
Prototypes: [I_39]
Number of elements: 0
Elements

Cluster (1,4)
Prototypes: [I_105]
Number of elements: 6
Elements: I_136, I_103, I_105, I_144, I_140, I_113

Cluster (1,5)
Prototypes: [I_106]
Number of elements: 6
Elements: I_119, I_123, I_118, I_106, I_110, I_132

Cluster (1,6)
Prototypes: [I_52]
Number of elements: 0
Elements

Cluster (1,7)
Prototypes: [I_27]
Number of elements: 10
Elements: I_44, I_24, I_27, I_32, I_6, I_22, I_19, I_45, I_16, I_17


Critério de adequação (energia): 1.15650623392
=====================================
	Confusion Matrix
Classes			 Clusters
---------------------------------------
	0,0	0,1	0,2	0,4	0,5	0,6	0,7	1,0	1,1	1,2	1,4	1,5	1,7	Total

1	0	 0	 0	 0	 0	 1	 39	 0	 0	 0	 0	 0	 10	 50
3	15	 13	 0	 0	 0	 0	 0	 0	 0	 10	 6	 6	 0	 50
2	2	 1	 1	 3	 2	 0	 0	 24	 17	 0	 0	 0	 0	 50
Total	[17 14  1  3  2  1 39 24 17 10  6  6 10]

Matriz de pesos:
Cluster (0,0): 0.0221703137259 0.00664968754284 0.917413962993 0.0537660357381
Cluster (0,1): 0.0065675127394 0.0135939951735 0.0367046495936 0.943133842493
Cluster (0,2): 0.143282494837 0.377938527475 0.211695035202 0.267083942486
Cluster (0,3): 0.544095347066 0.110295409089 0.165869542358 0.179739701487
Cluster (0,4): 0.0316655663846 0.694789006764 0.217766542702 0.0557788841495
Cluster (0,5): 0.16059262079 0.233907842178 0.309510671114 0.295988865918
Cluster (0,6): 0.112448190248 0.0496248516267 0.252507451518 0.585419506607
Cluster (0,7): 0.0183401385094 0.00434123381639 0.495331890806 0.481986736868
Cluster (1,0): 0.0688008372812 0.044883497305 0.312107950892 0.574207714521
Cluster (1,1): 0.0167396213594 0.0093916904423 0.518197235218 0.455671452981
Cluster (1,2): 0.0424203310021 0.0142061906206 0.913659210798 0.0297142675796
Cluster (1,3): 0.0281916727517 0.902217013286 0.036122850788 0.0334684631739
Cluster (1,4): 0.0168821982943 0.105191013979 0.372822373713 0.505104414014
Cluster (1,5): 0.189540150867 0.00868432068397 0.593954539519 0.20782098893
Cluster (1,6): 0.207462283945 0.306354063082 0.210748938467 0.275434714506
Cluster (1,7): 0.0175480860967 0.00388040536327 0.677043322082 0.301528186458

Corrected Rand index: 0.564201568257
F-measure(P,Q): 0.65760477902
OERC: 0.02

#####################################
Repetição do experimento: 9

----------Partition----------
Cluster (0,0)
Prototypes: [I_20]
Number of elements: 24
Elements: I_42, I_6, I_16, I_17, I_20, I_22, I_33, I_34, I_47, I_44, I_46, I_19, I_13, I_38, I_49, I_11, I_35, I_10, I_27, I_41, I_18, I_28, I_32, I_7

Cluster (0,1)
Prototypes: [I_60]
Number of elements: 1
Elements: I_60

Cluster (0,2)
Prototypes: [I_70]
Number of elements: 3
Elements: I_99, I_70, I_81

Cluster (0,3)
Prototypes: [I_82]
Number of elements: 7
Elements: I_61, I_94, I_58, I_82, I_80, I_63, I_68

Cluster (0,4)
Prototypes: [I_98]
Number of elements: 22
Elements: I_54, I_90, I_89, I_100, I_96, I_95, I_72, I_91, I_97, I_62, I_75, I_98, I_88, I_56, I_66, I_76, I_67, I_69, I_85, I_79, I_52, I_59

Cluster (0,5)
Prototypes: [I_58]
Number of elements: 0
Elements

Cluster (0,6)
Prototypes: [I_106]
Number of elements: 6
Elements: I_118, I_132, I_106, I_108, I_119, I_123

Cluster (0,7)
Prototypes: [I_113]
Number of elements: 17
Elements: I_125, I_121, I_140, I_113, I_145, I_104, I_117, I_129, I_137, I_138, I_141, I_149, I_116, I_133, I_146, I_112, I_135

Cluster (1,0)
Prototypes: [I_50]
Number of elements: 24
Elements: I_43, I_14, I_39, I_48, I_3, I_4, I_30, I_9, I_12, I_23, I_25, I_36, I_50, I_21, I_31, I_37, I_8, I_29, I_1, I_40, I_15, I_2, I_5, I_26

Cluster (1,1)
Prototypes: [I_145]
Number of elements: 0
Elements

Cluster (1,2)
Prototypes: [I_138]
Number of elements: 2
Elements: I_111, I_148

Cluster (1,3)
Prototypes: [I_24]
Number of elements: 2
Elements: I_45, I_24

Cluster (1,4)
Prototypes: [I_83]
Number of elements: 3
Elements: I_65, I_83, I_93

Cluster (1,5)
Prototypes: [I_103]
Number of elements: 10
Elements: I_103, I_126, I_130, I_136, I_101, I_131, I_144, I_105, I_109, I_110

Cluster (1,6)
Prototypes: [I_84]
Number of elements: 6
Elements: I_134, I_84, I_78, I_102, I_143, I_150

Cluster (1,7)
Prototypes: [I_127]
Number of elements: 23
Elements: I_51, I_53, I_55, I_64, I_74, I_77, I_87, I_92, I_122, I_124, I_127, I_128, I_139, I_57, I_71, I_86, I_114, I_107, I_147, I_73, I_120, I_115, I_142


Critério de adequação (energia): 1.02467628758
=====================================
	Confusion Matrix
Classes			 Clusters
---------------------------------------
	0,0	0,1	0,2	0,3	0,4	0,6	0,7	1,0	1,2	1,3	1,4	1,5	1,6	1,7	Total

1	24	 0	 0	 0	 0	 0	 0	 24	 0	 2	 0	 0	 0	 0	 50
3	0	 0	 0	 0	 0	 6	 17	 0	 2	 0	 0	 10	 4	 11	 50
2	0	 1	 3	 7	 22	 0	 0	 0	 0	 0	 3	 0	 2	 12	 50
Total	[24  1  3  7 22  6 17 24  2  2  3 10  6 23]

Matriz de pesos:
Cluster (0,0): 0.0243678638422 0.00252315214702 0.847881579641 0.125227404369
Cluster (0,1): 0.840767042008 0.0277611319715 0.0707651199008 0.0607067061193
Cluster (0,2): 0.00124890443848 0.00785706225845 0.00182397593555 0.989070057368
Cluster (0,3): 0.0118485315269 0.0113218669924 0.09578187572 0.881047725761
Cluster (0,4): 0.0209307282718 0.0188873764748 0.608710997486 0.351470897768
Cluster (0,5): 0.0919641047895 0.201569904601 0.309919653508 0.396546337102
Cluster (0,6): 0.14816633513 0.00865175071846 0.60950728198 0.233674632171
Cluster (0,7): 0.0416817077835 0.0297528191186 0.863959656109 0.0646058169889
Cluster (1,0): 0.00377656933558 0.00247095729212 0.066099337774 0.927653135598
Cluster (1,1): 0.0558409067726 0.86613723192 0.0474227963652 0.0305990649422
Cluster (1,2): 0.257978307902 0.268530907661 0.195518024155 0.277972760282
Cluster (1,3): 0.593172675968 0.00621787316788 0.15705090837 0.243558542493
Cluster (1,4): 0.186818217849 0.103945364215 0.34053551295 0.368700904986
Cluster (1,5): 0.024516686 0.0146040018627 0.919990780748 0.040888531389
Cluster (1,6): 0.0536116032094 0.0851738502197 0.596043221319 0.265171325252
Cluster (1,7): 0.0362574383116 0.0259190257069 0.866455650179 0.071367885802

Corrected Rand index: 0.458897172926
F-measure(P,Q): 0.589074148776
OERC: 0.0866666666667

#####################################
Repetição do experimento: 10

----------Partition----------
Cluster (0,0)
Prototypes: [I_50]
Number of elements: 38
Elements: I_42, I_1, I_2, I_3, I_4, I_5, I_7, I_8, I_9, I_10, I_11, I_12, I_13, I_14, I_15, I_18, I_20, I_23, I_26, I_28, I_29, I_30, I_31, I_33, I_34, I_35, I_36, I_37, I_38, I_39, I_40, I_41, I_43, I_46, I_47, I_48, I_49, I_50

Cluster (0,1)
Prototypes: [I_27]
Number of elements: 10
Elements: I_44, I_6, I_22, I_24, I_27, I_32, I_45, I_16, I_17, I_19

Cluster (0,2)
Prototypes: [I_40]
Number of elements: 0
Elements

Cluster (0,3)
Prototypes: [I_147]
Number of elements: 18
Elements: I_115, I_102, I_122, I_143, I_84, I_114, I_134, I_120, I_147, I_73, I_78, I_124, I_128, I_142, I_150, I_53, I_71, I_139

Cluster (0,4)
Prototypes: [I_135]
Number of elements: 1
Elements: I_135

Cluster (0,5)
Prototypes: [I_70]
Number of elements: 8
Elements: I_80, I_68, I_63, I_82, I_70, I_81, I_83, I_93

Cluster (0,6)
Prototypes: [I_97]
Number of elements: 18
Elements: I_96, I_54, I_65, I_72, I_75, I_88, I_89, I_90, I_91, I_95, I_97, I_98, I_100, I_56, I_60, I_62, I_76, I_66

Cluster (0,7)
Prototypes: [I_55]
Number of elements: 17
Elements: I_69, I_107, I_85, I_67, I_79, I_64, I_92, I_55, I_52, I_77, I_86, I_87, I_51, I_57, I_127, I_59, I_74

Cluster (1,0)
Prototypes: [I_8]
Number of elements: 2
Elements: I_21, I_25

Cluster (1,1)
Prototypes: [I_55]
Number of elements: 0
Elements

Cluster (1,2)
Prototypes: [I_94]
Number of elements: 4
Elements: I_99, I_58, I_61, I_94

Cluster (1,3)
Prototypes: [I_111]
Number of elements: 3
Elements: I_148, I_111, I_112

