# Topology: 4x4
# Cardinality (q): 1
# Tmin: 0.300000011921
# Tmax: 14.0
# Number of iterations: 30.0

#####################################
Repetição do experimento: 0

----------Partition----------
Cluster (0,0)
Prototypes: [I_55]
Number of elements: 20
Elements: I_66, I_76, I_52, I_92, I_79, I_57, I_67, I_85, I_86, I_87, I_51, I_55, I_107, I_62, I_64, I_69, I_73, I_77, I_53, I_120

Cluster (0,1)
Prototypes: [I_140]
Number of elements: 6
Elements: I_141, I_142, I_140, I_146, I_113, I_130

Cluster (0,2)
Prototypes: [I_104]
Number of elements: 10
Elements: I_138, I_117, I_150, I_104, I_126, I_108, I_109, I_131, I_123, I_132

Cluster (0,3)
Prototypes: [I_144]
Number of elements: 16
Elements: I_103, I_106, I_136, I_121, I_144, I_118, I_105, I_110, I_133, I_145, I_129, I_101, I_116, I_137, I_115, I_149

Cluster (1,0)
Prototypes: [I_95]
Number of elements: 18
Elements: I_83, I_60, I_72, I_74, I_88, I_90, I_91, I_93, I_95, I_100, I_54, I_56, I_59, I_75, I_97, I_98, I_89, I_96

Cluster (1,1)
Prototypes: [I_84]
Number of elements: 3
Elements: I_84, I_134, I_135

Cluster (1,2)
Prototypes: [I_147]
Number of elements: 14
Elements: I_124, I_102, I_111, I_112, I_114, I_122, I_127, I_128, I_143, I_147, I_71, I_139, I_148, I_78

Cluster (1,3)
Prototypes: [I_119]
Number of elements: 1
Elements: I_119

Cluster (2,0)
Prototypes: [I_75]
Number of elements: 0
Elements

Cluster (2,1)
Prototypes: [I_34]
Number of elements: 0
Elements

Cluster (2,2)
Prototypes: [I_121]
Number of elements: 1
Elements: I_125

Cluster (2,3)
Prototypes: [I_30]
Number of elements: 0
Elements

Cluster (3,0)
Prototypes: [I_50]
Number of elements: 39
Elements: I_1, I_5, I_11, I_15, I_17, I_18, I_20, I_23, I_28, I_33, I_34, I_37, I_38, I_41, I_47, I_49, I_2, I_3, I_4, I_7, I_8, I_9, I_10, I_12, I_13, I_14, I_26, I_29, I_30, I_31, I_35, I_36, I_39, I_40, I_42, I_43, I_46, I_48, I_50

Cluster (3,1)
Prototypes: [I_24]
Number of elements: 11
Elements: I_44, I_24, I_45, I_6, I_22, I_25, I_27, I_32, I_16, I_19, I_21

Cluster (3,2)
Prototypes: [I_65]
Number of elements: 1
Elements: I_65

Cluster (3,3)
Prototypes: [I_82]
Number of elements: 10
Elements: I_80, I_58, I_61, I_63, I_70, I_81, I_82, I_94, I_68, I_99


Critério de adequação (energia): 1.28108590747
=====================================
	Confusion Matrix
Classes			 Clusters
---------------------------------------
	0,0	0,1	0,2	0,3	1,0	1,1	1,2	1,3	2,2	3,0	3,1	3,2	3,3	Total

1	0	 0	 0	 0	 0	 0	 0	 0	 0	 39	 11	 0	 0	 50
3	2	 6	 10	 16	 0	 2	 12	 1	 1	 0	 0	 0	 0	 50
2	18	 0	 0	 0	 18	 1	 2	 0	 0	 0	 0	 1	 10	 50
Total	[20  6 10 16 18  3 14  1  1 39 11  1 10]

Matriz de pesos:
Cluster (0,0): 0.0099623992465 0.00949991581665 0.574948793635 0.405588891302
Cluster (0,1): 0.220271623112 0.419048277701 0.311370444084 0.0493096551038
Cluster (0,2): 0.0160883931479 0.0556419636435 0.195070857424 0.733198785784
Cluster (0,3): 0.0483285315961 0.0514362624428 0.390262605548 0.509972600413
Cluster (1,0): 0.0247773337808 0.0237617177249 0.242434044681 0.709026903813
Cluster (1,1): 0.177290112977 0.211734804979 0.332340027083 0.278635054961
Cluster (1,2): 0.0249136482103 0.00589941258252 0.571240041363 0.397946897844
Cluster (1,3): 0.0434671458753 0.068176796664 0.152464255643 0.735891801818
Cluster (2,0): 0.186278984956 0.267999164966 0.236083099819 0.309638750259
Cluster (2,1): 0.567263072824 0.0413331429552 0.155421319515 0.235982464705
Cluster (2,2): 0.10421085254 0.133277526522 0.462940108503 0.299571512435
Cluster (2,3): 0.267010250208 0.161661302243 0.266918584789 0.30440986276
Cluster (3,0): 0.0184978927214 0.00418913431678 0.535563435718 0.441749537243
Cluster (3,1): 0.105181766063 0.0106543483538 0.715936254282 0.168227631302
Cluster (3,2): 0.456090312901 0.0750251855701 0.259454105219 0.20943039631
Cluster (3,3): 0.0214025115159 0.0233227169909 0.114998611853 0.84027615964

Corrected Rand index: 0.543931408217
F-measure(P,Q): 0.630221581312
OERC: 0.0333333333333
Erro Topográfico: 0.313333333333

#####################################
Repetição do experimento: 1

----------Partition----------
Cluster (0,0)
Prototypes: [I_113]
Number of elements: 17
Elements: I_103, I_105, I_111, I_113, I_114, I_118, I_122, I_123, I_125, I_129, I_132, I_133, I_140, I_142, I_146, I_148, I_106

Cluster (0,1)
Prototypes: [I_117]
Number of elements: 20
Elements: I_71, I_78, I_108, I_127, I_128, I_130, I_139, I_150, I_104, I_117, I_124, I_126, I_138, I_102, I_107, I_109, I_112, I_131, I_143, I_147

Cluster (0,2)
Prototypes: [I_92]
Number of elements: 29
Elements: I_62, I_67, I_69, I_85, I_98, I_120, I_52, I_56, I_59, I_64, I_66, I_74, I_75, I_76, I_79, I_88, I_92, I_97, I_51, I_55, I_57, I_73, I_77, I_87, I_95, I_53, I_60, I_84, I_134

Cluster (0,3)
Prototypes: [I_81]
Number of elements: 16
Elements: I_94, I_54, I_58, I_61, I_63, I_70, I_80, I_81, I_82, I_90, I_93, I_68, I_83, I_99, I_96, I_91

Cluster (1,0)
Prototypes: [I_68]
Number of elements: 2
Elements: I_72, I_100

Cluster (1,1)
Prototypes: [I_40]
Number of elements: 0
Elements

Cluster (1,2)
Prototypes: [I_64]
Number of elements: 1
Elements: I_135

Cluster (1,3)
Prototypes: [I_38]
Number of elements: 0
Elements

Cluster (2,0)
Prototypes: [I_145]
Number of elements: 8
Elements: I_101, I_110, I_137, I_141, I_145, I_115, I_119, I_136

Cluster (2,1)
Prototypes: [I_46]
Number of elements: 0
Elements

Cluster (2,2)
Prototypes: [I_8]
Number of elements: 0
Elements

Cluster (2,3)
Prototypes: [I_50]
Number of elements: 39
Elements: I_3, I_4, I_7, I_9, I_12, I_14, I_23, I_25, I_30, I_31, I_39, I_42, I_43, I_46, I_48, I_1, I_2, I_5, I_8, I_10, I_13, I_18, I_26, I_28, I_29, I_35, I_36, I_38, I_40, I_41, I_47, I_50, I_33, I_15, I_37, I_49, I_11, I_21, I_34

Cluster (3,0)
Prototypes: [I_86]
Number of elements: 2
Elements: I_86, I_149

Cluster (3,1)
Prototypes: [I_43]
Number of elements: 3
Elements: I_116, I_121, I_144

Cluster (3,2)
Prototypes: [I_65]
Number of elements: 2
Elements: I_65, I_89

Cluster (3,3)
Prototypes: [I_27]
Number of elements: 11
Elements: I_6, I_16, I_17, I_19, I_22, I_24, I_32, I_44, I_27, I_20, I_45


Critério de adequação (energia): 1.72533543709
=====================================
	Confusion Matrix
Classes			 Clusters
---------------------------------------
	0,0	0,1	0,2	0,3	1,0	1,2	2,0	2,3	3,0	3,1	3,2	3,3	Total

1	0	 0	 0	 0	 0	 0	 0	 39	 0	 0	 0	 11	 50
3	17	 18	 2	 0	 0	 1	 8	 0	 1	 3	 0	 0	 50
2	0	 2	 27	 16	 2	 0	 0	 0	 1	 0	 2	 0	 50
Total	[17 20 29 16  2  1  8 39  2  3  2 11]

Matriz de pesos:
Cluster (0,0): 0.0466292794392 0.0531263783301 0.266818022793 0.633426319438
Cluster (0,1): 0.0262607870722 0.0848103476633 0.0971741495296 0.791754715735
Cluster (0,2): 0.042707911613 0.0270772942479 0.369052791817 0.561162002322
Cluster (0,3): 0.085498969241 0.0354490389884 0.352500316662 0.526551675109
Cluster (1,0): 0.190149412323 0.292523102363 0.378430095423 0.13889738989
Cluster (1,1): 0.186979823333 0.561273432546 0.11992541734 0.131821326781
Cluster (1,2): 0.0586615284909 0.0477706029363 0.3341644586 0.559403409973
Cluster (1,3): 0.433532491411 0.052512663628 0.259150596142 0.254804248819
Cluster (2,0): 0.0279394584738 0.0317332864608 0.267477313807 0.672849941258
Cluster (2,1): 0.107320120061 0.737079309198 0.0876837707925 0.0679167999483
Cluster (2,2): 0.0177036153224 0.00454119717397 0.30458985478 0.673165332724
Cluster (2,3): 0.0167599883734 0.00432237851348 0.341604723263 0.63731290985
Cluster (3,0): 0.128410949097 0.620918306767 0.174628150509 0.0760425936267
Cluster (3,1): 0.029338749666 0.912163836674 0.0336187904932 0.0248786231671
Cluster (3,2): 0.693500920175 0.0448448597846 0.134799003877 0.126855216163
Cluster (3,3): 0.0224133507311 0.00449903399553 0.59693119126 0.376156424013

Corrected Rand index: 0.59398915948
F-measure(P,Q): 0.691411504155
OERC: 0.0333333333333
Erro Topográfico: 0.366666666667

#####################################
Repetição do experimento: 2

----------Partition----------
Cluster (0,0)
Prototypes: [I_93]
Number of elements: 18
Elements: I_96, I_80, I_99, I_54, I_58, I_61, I_63, I_68, I_70, I_81, I_82, I_83, I_90, I_91, I_93, I_94, I_72, I_88

Cluster (0,1)
Prototypes: [I_89]
Number of elements: 5
Elements: I_89, I_65, I_95, I_97, I_100

Cluster (0,2)
Prototypes: [I_121]
Number of elements: 1
Elements: I_126

Cluster (0,3)
Prototypes: [I_50]
Number of elements: 28
Elements: I_1, I_2, I_3, I_4, I_5, I_8, I_12, I_13, I_14, I_21, I_23, I_25, I_26, I_28, I_29, I_30, I_31, I_35, I_36, I_40, I_41, I_43, I_48, I_50, I_37, I_39, I_9, I_15

Cluster (1,0)
Prototypes: [I_55]
Number of elements: 17
Elements: I_79, I_107, I_51, I_52, I_55, I_57, I_64, I_67, I_69, I_77, I_85, I_86, I_87, I_92, I_53, I_62, I_66

Cluster (1,1)
Prototypes: [I_108]
Number of elements: 3
Elements: I_108, I_123, I_131

Cluster (1,2)
Prototypes: [I_36]
Number of elements: 0
Elements

Cluster (1,3)
Prototypes: [I_102]
Number of elements: 0
Elements

Cluster (2,0)
Prototypes: [I_147]
Number of elements: 20
Elements: I_134, I_71, I_78, I_124, I_127, I_128, I_139, I_84, I_147, I_150, I_102, I_111, I_114, I_122, I_143, I_148, I_73, I_115, I_120, I_142

Cluster (2,1)
Prototypes: [I_60]
Number of elements: 1
Elements: I_60

Cluster (2,2)
Prototypes: [I_75]
Number of elements: 6
Elements: I_56, I_59, I_74, I_75, I_76, I_98

Cluster (2,3)
Prototypes: [I_57]
Number of elements: 0
Elements

Cluster (3,0)
Prototypes: [I_144]
Number of elements: 18
Elements: I_103, I_105, I_106, I_110, I_118, I_119, I_121, I_132, I_133, I_136, I_146, I_144, I_116, I_137, I_141, I_145, I_149, I_101

Cluster (3,1)
Prototypes: [I_104]
Number of elements: 11
Elements: I_135, I_104, I_109, I_117, I_130, I_138, I_112, I_113, I_125, I_129, I_140

Cluster (3,2)
Prototypes: [I_77]
Number of elements: 0
Elements

Cluster (3,3)
Prototypes: [I_20]
Number of elements: 22
Elements: I_6, I_33, I_34, I_16, I_42, I_17, I_19, I_20, I_45, I_47, I_22, I_11, I_49, I_44, I_24, I_27, I_32, I_7, I_10, I_18, I_38, I_46


Critério de adequação (energia): 1.63039560812
=====================================
	Confusion Matrix
Classes			 Clusters
---------------------------------------
	0,0	0,1	0,2	0,3	1,0	1,1	2,0	2,1	2,2	3,0	3,1	3,3	Total

1	0	 0	 0	 28	 0	 0	 0	 0	 0	 0	 0	 22	 50
3	0	 0	 1	 0	 1	 3	 16	 0	 0	 18	 11	 0	 50
2	18	 5	 0	 0	 16	 0	 4	 1	 6	 0	 0	 0	 50
Total	[18  5  1 28 17  3 20  1  6 18 11 22]

Matriz de pesos:
Cluster (0,0): 0.0683480045791 0.0483575645833 0.311701119489 0.571593311349
Cluster (0,1): 0.100169826486 0.0320349277359 0.323431304131 0.544363941647
Cluster (0,2): 0.0378829905857 0.89103005512 0.0401430247242 0.0309439295705
Cluster (0,3): 0.0197045905594 0.0119415370077 0.312747157853 0.65560671458
Cluster (1,0): 0.0137490445078 0.0112810476803 0.531112307633 0.443857600178
Cluster (1,1): 0.0516007178115 0.245938017212 0.118716249309 0.583745015668
Cluster (1,2): 0.0529752153967 0.805811395056 0.0488537529825 0.0923596365647
Cluster (1,3): 0.429621719826 0.310762203052 0.138697811425 0.120918265697
Cluster (2,0): 0.0296100687103 0.00674021815429 0.830891319728 0.132758393407
Cluster (2,1): 0.0563474149466 0.352011838822 0.190627812092 0.40101293414
Cluster (2,2): 0.0338446254526 0.145865779019 0.30420841388 0.516081181649
Cluster (2,3): 0.330033577657 0.299903117842 0.172070652775 0.197992651726
Cluster (3,0): 0.0550803653464 0.0532241162423 0.30549864151 0.586196876901
Cluster (3,1): 0.0275800571343 0.052306908672 0.616680365408 0.303432668786
Cluster (3,2): 0.224486813867 0.153560599358 0.232283851535 0.389668735239
Cluster (3,3): 0.03642878663 0.00608053048343 0.728216118982 0.229274563905

Corrected Rand index: 0.497699521925
F-measure(P,Q): 0.592257415787
OERC: 0.0333333333333
Erro Topográfico: 0.666666666667

#####################################
Repetição do experimento: 3

----------Partition----------
Cluster (0,0)
Prototypes: [I_95]
Number of elements: 19
Elements: I_83, I_89, I_96, I_65, I_54, I_60, I_90, I_91, I_93, I_95, I_97, I_100, I_56, I_72, I_74, I_88, I_98, I_75, I_59

Cluster (0,1)
Prototypes: [I_82]
Number of elements: 10
Elements: I_58, I_61, I_63, I_68, I_80, I_82, I_94, I_70, I_81, I_99

Cluster (0,2)
Prototypes: [I_44]
Number of elements: 2
Elements: I_44, I_24

Cluster (0,3)
Prototypes: [I_8]
Number of elements: 35
Elements: I_1, I_2, I_4, I_5, I_6, I_7, I_8, I_9, I_10, I_11, I_12, I_13, I_17, I_18, I_19, I_20, I_22, I_26, I_27, I_28, I_30, I_31, I_32, I_35, I_38, I_40, I_41, I_42, I_46, I_47, I_48, I_49, I_33, I_34, I_16

Cluster (1,0)
Prototypes: [I_55]
Number of elements: 13
Elements: I_57, I_107, I_86, I_51, I_52, I_55, I_69, I_79, I_87, I_64, I_66, I_77, I_92

Cluster (1,1)
Prototypes: [I_138]
Number of elements: 4
Elements: I_135, I_137, I_140, I_149

Cluster (1,2)
Prototypes: [I_116]
Number of elements: 0
Elements

Cluster (1,3)
Prototypes: [I_36]
Number of elements: 12
Elements: I_23, I_36, I_3, I_14, I_15, I_21, I_25, I_29, I_37, I_39, I_43, I_50

Cluster (2,0)
Prototypes: [I_118]
Number of elements: 5
Elements: I_106, I_118, I_119, I_123, I_132

Cluster (2,1)
Prototypes: [I_134]
Number of elements: 12
Elements: I_84, I_115, I_134, I_53, I_73, I_78, I_111, I_120, I_142, I_146, I_148, I_116

Cluster (2,2)
Prototypes: [I_136]
Number of elements: 1
Elements: I_136

Cluster (2,3)
Prototypes: [I_45]
Number of elements: 1
Elements: I_45

Cluster (3,0)
Prototypes: [I_105]
Number of elements: 12
Elements: I_103, I_110, I_113, I_129, I_101, I_105, I_121, I_125, I_133, I_141, I_144, I_145

Cluster (3,1)
Prototypes: [I_143]
Number of elements: 6
Elements: I_102, I_112, I_122, I_143, I_114, I_147

Cluster (3,2)
Prototypes: [I_104]
Number of elements: 13
Elements: I_108, I_126, I_128, I_139, I_71, I_104, I_117, I_131, I_138, I_150, I_127, I_109, I_124

Cluster (3,3)
Prototypes: [I_67]
Number of elements: 5
Elements: I_67, I_85, I_62, I_76, I_130


Critério de adequação (energia): 0.893970500749
=====================================
	Confusion Matrix
Classes			 Clusters
---------------------------------------
	0,0	0,1	0,2	0,3	1,0	1,1	1,3	2,0	2,1	2,2	2,3	3,0	3,1	3,2	3,3	Total

1	0	 0	 2	 35	 0	 0	 12	 0	 0	 0	 1	 0	 0	 0	 0	 50
3	0	 0	 0	 0	 1	 4	 0	 5	 8	 1	 0	 12	 6	 12	 1	 50
2	19	 10	 0	 0	 12	 0	 0	 0	 4	 0	 0	 0	 0	 1	 4	 50
Total	[19 10  2 35 13  4 12  5 12  1  1 12  6 13  5]

Matriz de pesos:
Cluster (0,0): 0.0250324551413 0.0408178269603 0.228767236163 0.705382481736
Cluster (0,1): 0.0187608953844 0.0183493176761 0.147374739417 0.815515047522
Cluster (0,2): 0.306255403127 0.0433250154453 0.367743848274 0.282675733154
Cluster (0,3): 0.0295529267203 0.00699442432031 0.661588204313 0.301864444646
Cluster (1,0): 0.0078393873395 0.00522969229572 0.718542330006 0.268388590359
Cluster (1,1): 0.167322597959 0.0325823864191 0.765184138491 0.0349108771308
Cluster (1,2): 0.187917190384 0.593209629206 0.127007312322 0.0918658680882
Cluster (1,3): 0.0103087238102 0.00267980074422 0.146903234989 0.840108240457
Cluster (2,0): 0.124374258249 0.00376401323878 0.351052682317 0.520809046195
Cluster (2,1): 0.0206806065958 0.00982271231054 0.959116983759 0.0103796973349
Cluster (2,2): 0.0466770258219 0.327644349675 0.397973578056 0.227705046447
Cluster (2,3): 0.493701135034 0.109550998973 0.190008733532 0.206739132461
Cluster (3,0): 0.031670912051 0.0264355721127 0.597283296468 0.344610219369
Cluster (3,1): 0.0220159916279 0.0422787540833 0.500287356815 0.435417897473
Cluster (3,2): 0.0144125250337 0.0518373814777 0.0784987559534 0.855251337535
Cluster (3,3): 0.0105108243063 0.60981019827 0.122046070245 0.257632907179

Corrected Rand index: 0.469889370161
F-measure(P,Q): 0.587116941213
OERC: 0.0466666666667
Erro Topográfico: 0.293333333333

#####################################
Repetição do experimento: 4

----------Partition----------
Cluster (0,0)
Prototypes: [I_117]
Number of elements: 15
Elements: I_78, I_104, I_108, I_109, I_117, I_124, I_126, I_127, I_128, I_131, I_138, I_139, I_150, I_71, I_107

Cluster (0,1)
Prototypes: [I_103]
Number of elements: 1
Elements: I_103

Cluster (0,2)
Prototypes: [I_82]
Number of elements: 7
Elements: I_58, I_61, I_63, I_68, I_94, I_81, I_82

Cluster (0,3)
Prototypes: [I_98]
Number of elements: 24
Elements: I_54, I_56, I_60, I_65, I_83, I_88, I_89, I_90, I_91, I_93, I_95, I_96, I_97, I_100, I_72, I_74, I_98, I_75, I_59, I_64, I_76, I_92, I_51, I_66

Cluster (1,0)
Prototypes: [I_73]
Number of elements: 18
Elements: I_53, I_87, I_134, I_135, I_52, I_55, I_57, I_67, I_69, I_73, I_77, I_79, I_84, I_85, I_86, I_120, I_130, I_62

Cluster (1,1)
Prototypes: [I_99]
Number of elements: 1
Elements: I_99

Cluster (1,2)
Prototypes: [I_133]
Number of elements: 0
Elements

Cluster (1,3)
Prototypes: [I_80]
Number of elements: 2
Elements: I_80, I_70

Cluster (2,0)
Prototypes: [I_106]
Number of elements: 5
Elements: I_106, I_118, I_123, I_132, I_119

Cluster (2,1)
Prototypes: [I_124]
Number of elements: 0
Elements

Cluster (2,2)
Prototypes: [I_33]
Number of elements: 0
Elements

Cluster (2,3)
Prototypes: [I_20]
Number of elements: 23
Elements: I_16, I_42, I_45, I_6, I_7, I_17, I_19, I_20, I_22, I_33, I_34, I_47, I_11, I_18, I_21, I_24, I_27, I_28, I_32, I_41, I_49, I_44, I_46

Cluster (3,0)
Prototypes: [I_121]
Number of elements: 15
Elements: I_101, I_105, I_116, I_121, I_137, I_141, I_144, I_145, I_149, I_110, I_115, I_133, I_142, I_146, I_136

Cluster (3,1)
Prototypes: [I_148]
Number of elements: 12
Elements: I_122, I_148, I_111, I_113, I_114, I_129, I_140, I_102, I_112, I_125, I_143, I_147

Cluster (3,2)
Prototypes: [I_150]
Number of elements: 0
Elements

Cluster (3,3)
Prototypes: [I_48]
Number of elements: 27
Elements: I_38, I_29, I_36, I_50, I_10, I_2, I_3, I_4, I_13, I_26, I_30, I_31, I_35, I_48, I_9, I_14, I_39, I_43, I_1, I_5, I_8, I_12, I_15, I_23, I_25, I_37, I_40


Critério de adequação (energia): 1.05934123852
=====================================
	Confusion Matrix
Classes			 Clusters
---------------------------------------
	0,0	0,1	0,2	0,3	1,0	1,1	1,3	2,0	2,3	3,0	3,1	3,3	Total

1	0	 0	 0	 0	 0	 0	 0	 0	 23	 0	 0	 27	 50
3	13	 1	 0	 0	 4	 0	 0	 5	 0	 15	 12	 0	 50
2	2	 0	 7	 24	 14	 1	 2	 0	 0	 0	 0	 0	 50
Total	[15  1  7 24 18  1  2  5 23 15 12 27]

Matriz de pesos:
Cluster (0,0): 0.00855366230225 0.013664705697 0.0440332552726 0.933748376728
Cluster (0,1): 0.10316029279 0.249547853486 0.336363487279 0.310928366445
Cluster (0,2): 0.0245531458878 0.0259379711366 0.195711528613 0.753797354363
Cluster (0,3): 0.0196316737018 0.0244022784589 0.273433984716 0.682532063124
Cluster (1,0): 0.0217434471758 0.00504499416403 0.127694002589 0.845517556072
Cluster (1,1): 0.0859150105604 0.171552968131 0.176384519234 0.566147502075
Cluster (1,2): 0.226430113646 0.34881873869 0.271925087636 0.152826060028
Cluster (1,3): 0.39062524535 0.0535903474197 0.231536370959 0.324248036271
Cluster (2,0): 0.140457061687 0.0082342928971 0.467624660512 0.383683984904
Cluster (2,1): 0.0826133569919 0.0883794655355 0.241996309354 0.587010868119
Cluster (2,2): 0.0900352421994 0.00676999191121 0.753307847419 0.14988691847
Cluster (2,3): 0.0475160007713 0.008109588783 0.62315665671 0.321217753735
Cluster (3,0): 0.0311276779999 0.0472310221002 0.322902545712 0.598738754188
Cluster (3,1): 0.0203149640576 0.0209587922512 0.349123964136 0.609602279555
Cluster (3,2): 0.141479343632 0.713979193951 0.0734490361418 0.0710924262756
Cluster (3,3): 0.0197771016519 0.0143475856559 0.455002464516 0.510872848176

Corrected Rand index: 0.501993602646
F-measure(P,Q): 0.603828603829
OERC: 0.04
Erro Topográfico: 0.426666666667

#####################################
Repetição do experimento: 5

----------Partition----------
Cluster (0,0)
Prototypes: [I_55]
Number of elements: 17
Elements: I_51, I_52, I_55, I_56, I_59, I_64, I_67, I_74, I_79, I_85, I_87, I_92, I_57, I_86, I_107, I_69, I_77

Cluster (0,1)
Prototypes: [I_147]
Number of elements: 16
Elements: I_73, I_84, I_102, I_143, I_115, I_122, I_134, I_78, I_142, I_150, I_53, I_114, I_120, I_147, I_111, I_146

Cluster (0,2)
Prototypes: [I_117]
Number of elements: 16
Elements: I_135, I_117, I_104, I_138, I_116, I_140, I_149, I_113, I_137, I_129, I_130, I_133, I_141, I_145, I_109, I_121

Cluster (0,3)
Prototypes: [I_103]
Number of elements: 11
Elements: I_106, I_118, I_119, I_126, I_132, I_136, I_103, I_105, I_125, I_131, I_144

Cluster (1,0)
Prototypes: [I_97]
Number of elements: 16
Elements: I_89, I_62, I_75, I_96, I_97, I_98, I_54, I_72, I_76, I_90, I_95, I_100, I_66, I_88, I_91, I_93

Cluster (1,1)
Prototypes: [I_127]
Number of elements: 5
Elements: I_127, I_139, I_71, I_124, I_128

Cluster (1,2)
Prototypes: [I_112]
Number of elements: 2
Elements: I_112, I_148

Cluster (1,3)
Prototypes: [I_144]
Number of elements: 2
Elements: I_101, I_110

Cluster (2,0)
Prototypes: [I_65]
Number of elements: 3
Elements: I_65, I_60, I_83

Cluster (2,1)
Prototypes: [I_145]
Number of elements: 0
Elements

Cluster (2,2)
Prototypes: [I_26]
Number of elements: 2
Elements: I_25, I_45

Cluster (2,3)
Prototypes: [I_44]
Number of elements: 2
Elements: I_24, I_44

Cluster (3,0)
Prototypes: [I_82]
Number of elements: 10
Elements: I_80, I_70, I_81, I_82, I_58, I_61, I_94, I_99, I_63, I_68

Cluster (3,1)
Prototypes: [I_108]
Number of elements: 2
Elements: I_108, I_123

Cluster (3,2)
Prototypes: [I_33]
Number of elements: 0
Elements

Cluster (3,3)
Prototypes: [I_8]
Number of elements: 46
Elements: I_1, I_3, I_5, I_6, I_7, I_8, I_11, I_12, I_15, I_16, I_17, I_18, I_19, I_20, I_21, I_22, I_23, I_27, I_28, I_29, I_32, I_33, I_34, I_36, I_37, I_38, I_40, I_41, I_43, I_47, I_48, I_49, I_50, I_30, I_4, I_10, I_35, I_2, I_9, I_13, I_14, I_26, I_31, I_39, I_46, I_42


Critério de adequação (energia): 1.19569137747
=====================================
	Confusion Matrix
Classes			 Clusters
---------------------------------------
	0,0	0,1	0,2	0,3	1,0	1,1	1,2	1,3	2,0	2,2	2,3	3,0	3,1	3,3	Total

1	0	 0	 0	 0	 0	 0	 0	 0	 0	 2	 2	 0	 0	 46	 50
3	1	 12	 16	 11	 0	 4	 2	 2	 0	 0	 0	 0	 2	 0	 50
2	16	 4	 0	 0	 16	 1	 0	 0	 3	 0	 0	 10	 0	 0	 50
Total	[17 16 16 11 16  5  2  2  3  2  2 10  2 46]

Matriz de pesos:
Cluster (0,0): 0.00650573316688 0.0072512609146 0.882516798727 0.103726207191
Cluster (0,1): 0.0160490033715 0.00463700545927 0.949669133564 0.0296448576047
Cluster (0,2): 0.0539205778145 0.0227211026369 0.899013647503 0.024344672046
Cluster (0,3): 0.0936318624264 0.042278682034 0.489704270395 0.374385185145
Cluster (1,0): 0.01964261292 0.0151388070572 0.663810483893 0.30140809613
Cluster (1,1): 0.0751335766091 0.0303403840931 0.710537062022 0.183988977276
Cluster (1,2): 0.153351819919 0.0280177040348 0.698557798664 0.120072677382
Cluster (1,3): 0.0688825989173 0.0536371369629 0.591175040689 0.286305223431
Cluster (2,0): 0.0908604296148 0.0369299523027 0.334907212748 0.537302405334
Cluster (2,1): 0.238311217272 0.248361901509 0.352595176292 0.160731704927
Cluster (2,2): 0.244864054007 0.0358810995738 0.41339654396 0.305858302459
Cluster (2,3): 0.0748879412261 0.0174283770096 0.851093940665 0.0565897410996
Cluster (3,0): 0.0399962004186 0.0435846076587 0.239005669662 0.67741352226
Cluster (3,1): 0.0806737338493 0.291632273578 0.182192269013 0.44550172356
Cluster (3,2): 0.034994817663 0.00262680143263 0.815995111043 0.146383269861
Cluster (3,3): 0.0370723231832 0.00889578169803 0.660531171363 0.293500723756

Corrected Rand index: 0.593914336462
F-measure(P,Q): 0.642676767677
OERC: 0.04
Erro Topográfico: 0.0733333333333

#####################################
Repetição do experimento: 6

----------Partition----------
Cluster (0,0)
Prototypes: [I_103]
Number of elements: 14
Elements: I_103, I_105, I_106, I_108, I_121, I_125, I_126, I_131, I_136, I_144, I_118, I_132, I_110, I_101

Cluster (0,1)
Prototypes: [I_117]
Number of elements: 16
Elements: I_104, I_109, I_117, I_129, I_133, I_112, I_113, I_130, I_135, I_138, I_116, I_140, I_141, I_137, I_145, I_149

Cluster (0,2)
Prototypes: [I_147]
Number of elements: 23
Elements: I_53, I_77, I_78, I_84, I_102, I_124, I_134, I_143, I_147, I_150, I_71, I_73, I_111, I_114, I_115, I_120, I_122, I_127, I_128, I_139, I_142, I_146, I_148

Cluster (0,3)
Prototypes: [I_79]
Number of elements: 23
Elements: I_56, I_62, I_67, I_85, I_107, I_52, I_57, I_64, I_69, I_74, I_75, I_79, I_86, I_88, I_92, I_98, I_51, I_55, I_59, I_66, I_76, I_87, I_91

Cluster (1,0)
Prototypes: [I_27]
Number of elements: 0
Elements

Cluster (1,1)
Prototypes: [I_58]
Number of elements: 3
Elements: I_58, I_94, I_99

Cluster (1,2)
Prototypes: [I_68]
Number of elements: 1
Elements: I_68

Cluster (1,3)
Prototypes: [I_83]
Number of elements: 15
Elements: I_70, I_80, I_81, I_60, I_61, I_83, I_89, I_90, I_93, I_95, I_100, I_63, I_72, I_96, I_97

Cluster (2,0)
Prototypes: [I_119]
Number of elements: 2
Elements: I_119, I_123

Cluster (2,1)
Prototypes: [I_9]
Number of elements: 0
Elements

Cluster (2,2)
Prototypes: [I_45]
Number of elements: 1
Elements: I_45

Cluster (2,3)
Prototypes: [I_54]
Number of elements: 2
Elements: I_54, I_82

Cluster (3,0)
Prototypes: [I_65]
Number of elements: 1
Elements: I_65

Cluster (3,1)
Prototypes: [I_8]
Number of elements: 9
Elements: I_25, I_21, I_23, I_12, I_26, I_30, I_31, I_36, I_39

Cluster (3,2)
Prototypes: [I_50]
Number of elements: 30
Elements: I_9, I_14, I_2, I_3, I_4, I_7, I_10, I_13, I_35, I_42, I_43, I_46, I_48, I_1, I_5, I_8, I_29, I_38, I_40, I_41, I_50, I_11, I_15, I_18, I_28, I_33, I_37, I_47, I_49, I_34

Cluster (3,3)
Prototypes: [I_27]
Number of elements: 10
Elements: I_6, I_16, I_17, I_44, I_24, I_32, I_22, I_27, I_19, I_20


Critério de adequação (energia): 1.26814296909
=====================================
	Confusion Matrix
Classes			 Clusters
---------------------------------------
	0,0	0,1	0,2	0,3	1,1	1,2	1,3	2,0	2,2	2,3	3,0	3,1	3,2	3,3	Total

1	0	 0	 0	 0	 0	 0	 0	 0	 1	 0	 0	 9	 30	 10	 50
3	14	 16	 17	 1	 0	 0	 0	 2	 0	 0	 0	 0	 0	 0	 50
2	0	 0	 6	 22	 3	 1	 15	 0	 0	 2	 1	 0	 0	 0	 50
Total	[14 16 23 23  3  1 15  2  1  2  1  9 30 10]

Matriz de pesos:
Cluster (0,0): 0.0831783365868 0.03918620445 0.535678861383 0.34195659758
Cluster (0,1): 0.0648759549234 0.0216935421285 0.883270190423 0.0301603125249
Cluster (0,2): 0.0234380298953 0.0060413096048 0.928627929603 0.0418927308973
Cluster (0,3): 0.0162000253938 0.0137380865364 0.819309067399 0.15075282067
Cluster (1,0): 0.0838076040029 0.704497702633 0.0934085128449 0.118286180519
Cluster (1,1): 0.136936781256 0.249088453841 0.336181911968 0.277792852935
Cluster (1,2): 0.243694554222 0.16633901767 0.464385490153 0.125580937955
Cluster (1,3): 0.0616165178828 0.0357307891649 0.421722291544 0.480930401408
Cluster (2,0): 0.15248896879 0.434887256107 0.185596586943 0.227027188159
Cluster (2,1): 0.141460123259 0.257804745826 0.2613593378 0.339375793115
Cluster (2,2): 0.186969240433 0.0210578424751 0.337829542702 0.45414337439
Cluster (2,3): 0.640288804664 0.0230981160778 0.145739538376 0.190873540882
Cluster (3,0): 0.207122274061 0.325814575975 0.236856194401 0.230206955563
Cluster (3,1): 0.001411202278 0.00250563945543 0.00531385167948 0.990769306587
Cluster (3,2): 0.0137098701339 0.00333333641971 0.502306353102 0.480650440344
Cluster (3,3): 0.0169594990712 0.00365634629532 0.695168961131 0.284215193502

Corrected Rand index: 0.485850918291
F-measure(P,Q): 0.612529403625
OERC: 0.0466666666667
Erro Topográfico: 0.0933333333333

#####################################
Repetição do experimento: 7

----------Partition----------
Cluster (0,0)
Prototypes: [I_117]
Number of elements: 18
Elements: I_62, I_78, I_103, I_105, I_106, I_117, I_128, I_130, I_139, I_146, I_148, I_67, I_76, I_85, I_89, I_96, I_113, I_136

Cluster (0,1)
Prototypes: [I_68]
Number of elements: 1
Elements: I_68

Cluster (0,2)
Prototypes: [I_38]
Number of elements: 2
Elements: I_14, I_44

Cluster (0,3)
Prototypes: [I_8]
Number of elements: 48
Elements: I_1, I_5, I_6, I_8, I_11, I_15, I_16, I_17, I_18, I_19, I_20, I_21, I_22, I_24, I_27, I_28, I_29, I_32, I_33, I_34, I_37, I_40, I_41, I_45, I_47, I_49, I_2, I_3, I_4, I_7, I_9, I_10, I_12, I_13, I_23, I_25, I_26, I_30, I_31, I_35, I_36, I_38, I_39, I_42, I_43, I_46, I_48, I_50

Cluster (1,0)
Prototypes: [I_125]
Number of elements: 9
Elements: I_104, I_125, I_126, I_135, I_141, I_145, I_101, I_109, I_137

Cluster (1,1)
Prototypes: [I_87]
Number of elements: 5
Elements: I_53, I_138, I_66, I_87, I_140

Cluster (1,2)
Prototypes: [I_108]
Number of elements: 1
Elements: I_108

Cluster (1,3)
Prototypes: [I_82]
Number of elements: 3
Elements: I_82, I_80, I_81

Cluster (2,0)
Prototypes: [I_29]
Number of elements: 0
Elements

Cluster (2,1)
Prototypes: [I_107]
Number of elements: 0
Elements

Cluster (2,2)
Prototypes: [I_57]
Number of elements: 5
Elements: I_57, I_73, I_127, I_71, I_124

Cluster (2,3)
Prototypes: [I_83]
Number of elements: 18
Elements: I_99, I_58, I_60, I_65, I_70, I_83, I_90, I_94, I_100, I_54, I_61, I_63, I_72, I_93, I_95, I_97, I_75, I_98

Cluster (3,0)
Prototypes: [I_144]
Number of elements: 8
Elements: I_110, I_116, I_121, I_144, I_149, I_118, I_132, I_119

Cluster (3,1)
Prototypes: [I_129]
Number of elements: 4
Elements: I_131, I_123, I_129, I_133

Cluster (3,2)
Prototypes: [I_143]
Number of elements: 13
Elements: I_112, I_134, I_150, I_84, I_102, I_143, I_147, I_114, I_122, I_111, I_115, I_120, I_142

Cluster (3,3)
Prototypes: [I_92]
Number of elements: 15
Elements: I_55, I_56, I_64, I_69, I_74, I_79, I_88, I_91, I_107, I_92, I_59, I_52, I_86, I_51, I_77


Critério de adequação (energia): 1.38929863161
=====================================
	Confusion Matrix
Classes			 Clusters
---------------------------------------
	0,0	0,1	0,2	0,3	1,0	1,1	1,2	1,3	2,2	2,3	3,0	3,1	3,2	3,3	Total

1	0	 0	 2	 48	 0	 0	 0	 0	 0	 0	 0	 0	 0	 0	 50
3	11	 0	 0	 0	 9	 2	 1	 0	 2	 0	 8	 4	 12	 1	 50
2	7	 1	 0	 0	 0	 3	 0	 3	 3	 18	 0	 0	 1	 14	 50
Total	[18  1  2 48  9  5  1  3  5 18  8  4 13 15]

Matriz de pesos:
Cluster (0,0): 0.0106561379551 0.914755547029 0.0332661130064 0.0413222020091
Cluster (0,1): 0.140649139936 0.404315174813 0.305939930004 0.149095755247
Cluster (0,2): 0.0465836384497 0.0101730088525 0.782220675185 0.161022677513
Cluster (0,3): 0.0374031552908 0.00897169284408 0.658581314111 0.295043837754
Cluster (1,0): 0.0378871882725 0.0117401766138 0.923317638116 0.0270549969981
Cluster (1,1): 0.0356003295438 0.893528322009 0.0305141705662 0.0403571778814
Cluster (1,2): 0.0869262236003 0.280370511094 0.162433100694 0.470270164612
Cluster (1,3): 0.491687126988 0.0452403695423 0.179392875132 0.283679628337
Cluster (2,0): 0.115147079045 0.730509851446 0.0798670584032 0.0744760111065
Cluster (2,1): 0.0211495802169 0.0952042489594 0.286391292739 0.597254878085
Cluster (2,2): 0.221929695554 0.00474987475165 0.583251330523 0.190069099172
Cluster (2,3): 0.0630739754462 0.0376534415198 0.420092478794 0.47918010424
Cluster (3,0): 0.0319933260622 0.0313984578153 0.257240884745 0.679367331377
Cluster (3,1): 0.0365035288843 0.107589947317 0.314384853888 0.541521669911
Cluster (3,2): 0.0310137211786 0.0164356117154 0.888139981497 0.0644106856091
Cluster (3,3): 0.0164250513995 0.01277981941 0.745332113211 0.22546301598

Corrected Rand index: 0.592647591366
F-measure(P,Q): 0.629985327464
OERC: 0.0866666666667
Erro Topográfico: 0.326666666667

#####################################
Repetição do experimento: 8

----------Partition----------
Cluster (0,0)
Prototypes: [I_8]
Number of elements: 42
Elements: I_1, I_2, I_4, I_5, I_7, I_8, I_9, I_10, I_12, I_13, I_18, I_21, I_25, I_26, I_27, I_28, I_29, I_30, I_31, I_32, I_35, I_37, I_38, I_40, I_41, I_44, I_46, I_48, I_50, I_42, I_22, I_11, I_49, I_20, I_47, I_45, I_6, I_17, I_19, I_33, I_34, I_16

Cluster (0,1)
Prototypes: [I_5]
Number of elements: 3
Elements: I_3, I_39, I_43

Cluster (0,2)
Prototypes: [I_76]
Number of elements: 0
Elements

Cluster (0,3)
Prototypes: [I_78]
Number of elements: 19
Elements: I_76, I_62, I_67, I_78, I_85, I_92, I_117, I_128, I_130, I_139, I_150, I_103, I_105, I_113, I_136, I_146, I_148, I_96, I_106

Cluster (1,0)
Prototypes: [I_36]
Number of elements: 4
Elements: I_14, I_23, I_15, I_36

Cluster (1,1)
Prototypes: [I_95]
Number of elements: 0
Elements

Cluster (1,2)
Prototypes: [I_134]
Number of elements: 13
Elements: I_115, I_122, I_127, I_55, I_77, I_134, I_72, I_74, I_123, I_131, I_133, I_56, I_100

Cluster (1,3)
Prototypes: [I_103]
Number of elements: 4
Elements: I_104, I_108, I_138, I_142

Cluster (2,0)
Prototypes: [I_82]
Number of elements: 10
Elements: I_80, I_63, I_68, I_70, I_81, I_82, I_94, I_99, I_58, I_61

Cluster (2,1)
Prototypes: [I_24]
Number of elements: 1
Elements: I_24

Cluster (2,2)
Prototypes: [I_98]
Number of elements: 2
Elements: I_64, I_79

Cluster (2,3)
Prototypes: [I_37]
Number of elements: 0
Elements

Cluster (3,0)
Prototypes: [I_95]
Number of elements: 19
Elements: I_54, I_60, I_90, I_91, I_69, I_83, I_88, I_93, I_95, I_135, I_65, I_97, I_89, I_98, I_52, I_75, I_51, I_59, I_66

Cluster (3,1)
Prototypes: [I_124]
Number of elements: 15
Elements: I_114, I_107, I_124, I_147, I_71, I_84, I_102, I_143, I_57, I_73, I_86, I_120, I_53, I_87, I_111

Cluster (3,2)
Prototypes: [I_129]
Number of elements: 7
Elements: I_109, I_112, I_119, I_129, I_140, I_116, I_125

Cluster (3,3)
Prototypes: [I_144]
Number of elements: 11
Elements: I_101, I_110, I_121, I_137, I_144, I_145, I_149, I_118, I_132, I_126, I_141


Critério de adequação (energia): 1.51363016242
=====================================
	Confusion Matrix
Classes			 Clusters
---------------------------------------
	0,0	0,1	0,3	1,0	1,2	1,3	2,0	2,1	2,2	3,0	3,1	3,2	3,3	Total

1	42	 3	 0	 4	 0	 0	 0	 1	 0	 0	 0	 0	 0	 50
3	0	 0	 12	 0	 7	 4	 0	 0	 0	 1	 8	 7	 11	 50
2	0	 0	 7	 0	 6	 0	 10	 0	 2	 18	 7	 0	 0	 50
Total	[42  3 19  4 13  4 10  1  2 19 15  7 11]

Matriz de pesos:
Cluster (0,0): 0.0333048128937 0.0073488519943 0.720039174619 0.239307160493
Cluster (0,1): 0.0504306296158 0.00953015115205 0.623815039996 0.316224179236
Cluster (0,2): 0.0897593155048 0.658043572902 0.142436999613 0.109760111981
Cluster (0,3): 0.0193195335058 0.847858507243 0.0737769770907 0.0590449821602
Cluster (1,0): 0.0327916289087 0.0245279735593 0.390250312684 0.552430084848
Cluster (1,1): 0.1200689751 0.432495501418 0.220316707915 0.227118815567
Cluster (1,2): 1.42018978113e-05 0.999913220454 4.901480466e-05 2.35628430714e-05
Cluster (1,3): 0.0464197155507 0.666639770799 0.155477000787 0.131463512863
Cluster (2,0): 0.0475530952368 0.0498535896231 0.167284158304 0.735309156836
Cluster (2,1): 0.455806481309 0.143546020573 0.168857320209 0.231790177909
Cluster (2,2): 0.138387817216 0.546534615257 0.18532176968 0.129755797847
Cluster (2,3): 0.0962608634555 0.821737393384 0.0432901530982 0.0387115900625
Cluster (3,0): 0.0359544414953 0.0373530405205 0.269351358189 0.657341159796
Cluster (3,1): 0.0300364445603 0.0181930141092 0.745772833958 0.205997707373
Cluster (3,2): 0.0625484989687 0.0875079422881 0.27482245587 0.575121102873
Cluster (3,3): 0.0640555695034 0.0605439739276 0.529147274875 0.346253181694

Corrected Rand index: 0.509041922303
F-measure(P,Q): 0.5984794488
OERC: 0.14
Erro Topográfico: 0.32

#####################################
Repetição do experimento: 9

----------Partition----------
Cluster (0,0)
Prototypes: [I_92]
Number of elements: 24
Elements: I_56, I_69, I_73, I_74, I_88, I_79, I_55, I_64, I_98, I_75, I_67, I_85, I_92, I_59, I_77, I_76, I_86, I_107, I_52, I_66, I_57, I_87, I_51, I_91

Cluster (0,1)
Prototypes: [I_150]
Number of elements: 24
Elements: I_115, I_71, I_122, I_128, I_139, I_150, I_78, I_84, I_102, I_111, I_114, I_124, I_127, I_134, I_142, I_143, I_146, I_147, I_148, I_53, I_112, I_116, I_120, I_149

Cluster (0,2)
Prototypes: [I_24]
Number of elements: 0
Elements

Cluster (0,3)
Prototypes: [I_103]
Number of elements: 18
Elements: I_101, I_103, I_105, I_106, I_108, I_110, I_113, I_118, I_119, I_121, I_123, I_125, I_126, I_131, I_132, I_136, I_140, I_144

Cluster (1,0)
Prototypes: [I_93]
Number of elements: 18
Elements: I_70, I_81, I_82, I_54, I_63, I_65, I_68, I_83, I_90, I_93, I_100, I_60, I_72, I_89, I_95, I_96, I_97, I_62

Cluster (1,1)
Prototypes: [I_80]
Number of elements: 1
Elements: I_80

Cluster (1,2)
Prototypes: [I_28]
Number of elements: 0
Elements

Cluster (1,3)
Prototypes: [I_135]
Number of elements: 11
Elements: I_135, I_104, I_109, I_117, I_129, I_130, I_133, I_137, I_138, I_141, I_145

Cluster (2,0)
Prototypes: [I_24]
Number of elements: 4
Elements: I_24, I_45, I_27, I_44

Cluster (2,1)
Prototypes: [I_51]
Number of elements: 0
Elements

Cluster (2,2)
Prototypes: [I_94]
Number of elements: 0
Elements

Cluster (2,3)
Prototypes: [I_30]
Number of elements: 0
Elements

Cluster (3,0)
Prototypes: [I_50]
Number of elements: 43
Elements: I_6, I_11, I_15, I_17, I_19, I_20, I_22, I_33, I_34, I_47, I_49, I_1, I_5, I_16, I_21, I_28, I_29, I_32, I_37, I_38, I_42, I_18, I_40, I_41, I_8, I_2, I_26, I_13, I_36, I_46, I_50, I_7, I_10, I_31, I_35, I_3, I_4, I_9, I_30, I_39, I_48, I_14, I_43

Cluster (3,1)
Prototypes: [I_25]
Number of elements: 2
Elements: I_25, I_12

Cluster (3,2)
Prototypes: [I_94]
Number of elements: 4
Elements: I_99, I_58, I_61, I_94

Cluster (3,3)
Prototypes: [I_23]
Number of elements: 1
Elements: I_23


Critério de adequação (energia): 1.65933508684
=====================================
	Confusion Matrix
Classes			 Clusters
---------------------------------------
	0,0	0,1	0,3	1,0	1,1	1,3	2,0	3,0	3,1	3,2	3,3	Total

1	0	 0	 0	 0	 0	 0	 4	 43	 2	 0	 1	 50
3	1	 20	 18	 0	 0	 11	 0	 0	 0	 0	 0	 50
2	23	 4	 0	 18	 1	 0	 0	 0	 0	 4	 0	 50
Total	[24 24 18 18  1 11  4 43  2  4  1]

Matriz de pesos:
Cluster (0,0): 0.023917889129 0.0141950791936 0.651998987037 0.309888044641
Cluster (0,1): 0.0246284554891 0.0234135218992 0.886035429099 0.0659225935132
Cluster (0,2): 0.141658166694 0.61443043892 0.11289344519 0.131017949196
Cluster (0,3): 0.0732843641886 0.0612787178897 0.549543951616 0.315892966305
Cluster (1,0): 0.0798673645221 0.026286873679 0.60249501601 0.291350745789
Cluster (1,1): 0.374169880931 0.243367872798 0.252181103301 0.13028114297
Cluster (1,2): 0.498965843573 0.125357821353 0.142736343922 0.232939991153
Cluster (1,3): 0.0521509978325 0.0396759599467 0.837720277168 0.0704527650524
Cluster (2,0): 0.449811910194 0.0192192298881 0.228382078549 0.302586781369
Cluster (2,1): 0.08612039364 0.418050611245 0.204017239289 0.291811755826
Cluster (2,2): 0.309717748726 0.0155532237309 0.215002369458 0.459726658085
Cluster (2,3): 0.268443902537 0.276958106246 0.146303964192 0.308294027025
Cluster (3,0): 0.0252452075118 0.00550410140199 0.728666672283 0.240584018803
Cluster (3,1): 0.185694790022 0.035716312129 0.384164578458 0.394424319391
Cluster (3,2): 0.356037247323 0.0136447293901 0.212237695138 0.418080328149
Cluster (3,3): 0.727455686068 0.0194111694734 0.104524747118 0.148608397341

Corrected Rand index: 0.627180220435
F-measure(P,Q): 0.695631114986
OERC: 0.0333333333333
Erro Topográfico: 0.206666666667

#####################################
Repetição do experimento: 10

----------Partition----------
Cluster (0,0)
Prototypes: [I_100]
Number of elements: 22
Elements: I_65, I_68, I_83, I_89, I_91, I_93, I_95, I_96, I_97, I_100, I_60, I_72, I_90, I_62, I_70, I_98, I_54, I_80, I_81, I_63, I_75, I_82

Cluster (0,1)
Prototypes: [I_79]
Number of elements: 16
Elements: I_107, I_55, I_57, I_67, I_69, I_85, I_86, I_51, I_52, I_56, I_59, I_66, I_76, I_79, I_87, I_88

Cluster (0,2)
Prototypes: [I_105]
Number of elements: 14
Elements: I_101, I_110, I_145, I_109, I_121, I_126, I_130, I_137, I_141, I_144, I_105, I_131, I_133, I_136

Cluster (0,3)
Prototypes: [I_103]
Number of elements: 10
Elements: I_103, I_106, I_113, I_118, I_119, I_123, I_125, I_129, I_132, I_140

Cluster (1,0)
Prototypes: [I_117]
Number of elements: 4
Elements: I_104, I_117, I_138, I_108

Cluster (1,1)
Prototypes: [I_34]
Number of elements: 0
Elements

Cluster (1,2)
Prototypes: [I_64]
Number of elements: 7
Elements: I_64, I_74, I_92, I_139, I_71, I_127, I_128

Cluster (1,3)
Prototypes: [I_150]
Number of elements: 21
Elements: I_84, I_102, I_122, I_124, I_134, I_143, I_147, I_150, I_78, I_114, I_73, I_111, I_112, I_120, I_148, I_53, I_115, I_116, I_142, I_146, I_149

Cluster (2,0)
Prototypes: [I_55]
