# Topology: 2x8
# Cardinality (q): 1
# Tmin: 0.300000011921
# Tmax: 9.0
# Number of iterations: 50.0

#####################################
Repetição do experimento: 0

----------Partition----------
Cluster (0,0)
Prototypes: [I_24]
Number of elements: 5
Elements: I_44, I_24, I_27, I_45, I_6

Cluster (0,1)
Prototypes: [I_57]
Number of elements: 0
Elements

Cluster (0,2)
Prototypes: [I_139]
Number of elements: 4
Elements: I_71, I_139, I_57, I_127

Cluster (0,3)
Prototypes: [I_147]
Number of elements: 21
Elements: I_78, I_84, I_128, I_53, I_124, I_134, I_150, I_73, I_120, I_102, I_122, I_143, I_147, I_111, I_114, I_115, I_142, I_146, I_148, I_112, I_116

Cluster (0,4)
Prototypes: [I_79]
Number of elements: 16
Elements: I_66, I_76, I_92, I_51, I_52, I_67, I_79, I_85, I_69, I_55, I_86, I_91, I_107, I_64, I_74, I_87

Cluster (0,5)
Prototypes: [I_90]
Number of elements: 9
Elements: I_83, I_93, I_96, I_90, I_54, I_70, I_81, I_60, I_62

Cluster (0,6)
Prototypes: [I_77]
Number of elements: 1
Elements: I_77

Cluster (0,7)
Prototypes: [I_125]
Number of elements: 20
Elements: I_103, I_104, I_105, I_109, I_113, I_117, I_126, I_129, I_133, I_138, I_140, I_121, I_141, I_110, I_125, I_144, I_145, I_101, I_137, I_149

Cluster (1,0)
Prototypes: [I_40]
Number of elements: 28
Elements: I_5, I_7, I_8, I_10, I_11, I_16, I_17, I_18, I_19, I_20, I_22, I_28, I_33, I_34, I_35, I_38, I_40, I_41, I_47, I_49, I_4, I_2, I_13, I_26, I_46, I_9, I_42, I_32

Cluster (1,1)
Prototypes: [I_50]
Number of elements: 17
Elements: I_23, I_25, I_3, I_21, I_36, I_43, I_14, I_37, I_50, I_12, I_29, I_30, I_39, I_48, I_1, I_15, I_31

Cluster (1,2)
Prototypes: [I_50]
Number of elements: 0
Elements

Cluster (1,3)
Prototypes: [I_130]
Number of elements: 2
Elements: I_130, I_108

Cluster (1,4)
Prototypes: [I_56]
Number of elements: 12
Elements: I_135, I_65, I_56, I_72, I_89, I_95, I_97, I_98, I_100, I_59, I_75, I_88

Cluster (1,5)
Prototypes: [I_82]
Number of elements: 8
Elements: I_99, I_58, I_80, I_82, I_94, I_61, I_63, I_68

Cluster (1,6)
Prototypes: [I_42]
Number of elements: 0
Elements

Cluster (1,7)
Prototypes: [I_106]
Number of elements: 7
Elements: I_106, I_119, I_123, I_118, I_132, I_131, I_136


Critério de adequação (energia): 0.87915157675
=====================================
	Confusion Matrix
Classes			 Clusters
---------------------------------------
	0,0	0,2	0,3	0,4	0,5	0,6	0,7	1,0	1,1	1,3	1,4	1,5	1,7	Total

1	5	 0	 0	 0	 0	 0	 0	 28	 17	 0	 0	 0	 0	 50
3	0	 2	 17	 1	 0	 0	 20	 0	 0	 2	 1	 0	 7	 50
2	0	 2	 4	 15	 9	 1	 0	 0	 0	 0	 11	 8	 0	 50
Total	[ 5  4 21 16  9  1 20 28 17  2 12  8  7]

Matriz de pesos:
Cluster (0,0): 0.119061434439 0.0121634611874 0.616429678242 0.252345426132
Cluster (0,1): 0.0614788175161 0.822542465357 0.055598126166 0.0603805909611
Cluster (0,2): 0.0576664285541 0.00890290408791 0.752881841152 0.180548826207
Cluster (0,3): 0.0290634627323 0.00706702964563 0.915267608188 0.0486018994339
Cluster (0,4): 0.0114322290478 0.00867629365411 0.842728861217 0.137162616081
Cluster (0,5): 0.058022402592 0.0131798640978 0.769243615731 0.15955411758
Cluster (0,6): 0.165641395339 0.196260744063 0.472234981318 0.165862879279
Cluster (0,7): 0.0589432179378 0.0243103788367 0.791484366566 0.12526203666
Cluster (1,0): 0.0200450127914 0.00312329986166 0.756479454844 0.220352232503
Cluster (1,1): 0.00534001708979 0.0078524079688 0.0725665300321 0.914241044909
Cluster (1,2): 0.120090961479 0.619007547165 0.114061707596 0.14683978376
Cluster (1,3): 0.124279469076 0.306367026617 0.244482728607 0.3248707757
Cluster (1,4): 0.00938098030874 0.0331261846269 0.0286059714034 0.928886863661
Cluster (1,5): 0.0128214955791 0.0139655729978 0.0703487269897 0.902864204433
Cluster (1,6): 0.12579188814 0.377123861608 0.186109350816 0.310974899435
Cluster (1,7): 0.13623603908 0.00503682110362 0.55709607217 0.301631067647

Corrected Rand index: 0.452737318445
F-measure(P,Q): 0.581307581308
OERC: 0.0533333333333

#####################################
Repetição do experimento: 1

----------Partition----------
Cluster (0,0)
Prototypes: [I_100]
Number of elements: 34
Elements: I_52, I_54, I_56, I_58, I_59, I_60, I_61, I_62, I_63, I_65, I_66, I_67, I_69, I_70, I_72, I_75, I_76, I_81, I_82, I_83, I_85, I_88, I_89, I_90, I_91, I_92, I_93, I_94, I_95, I_96, I_97, I_98, I_100, I_99

Cluster (0,1)
Prototypes: [I_84]
Number of elements: 4
Elements: I_135, I_84, I_112, I_134

Cluster (0,2)
Prototypes: [I_113]
Number of elements: 8
Elements: I_130, I_138, I_117, I_140, I_141, I_148, I_104, I_113

Cluster (0,3)
Prototypes: [I_103]
Number of elements: 11
Elements: I_103, I_106, I_108, I_123, I_126, I_109, I_129, I_131, I_133, I_125, I_132

Cluster (0,4)
Prototypes: [I_74]
Number of elements: 3
Elements: I_55, I_74, I_79

Cluster (0,5)
Prototypes: [I_49]
Number of elements: 0
Elements

Cluster (0,6)
Prototypes: [I_149]
Number of elements: 1
Elements: I_86

Cluster (0,7)
Prototypes: [I_24]
Number of elements: 6
Elements: I_24, I_44, I_6, I_27, I_45, I_19

Cluster (1,0)
Prototypes: [I_128]
Number of elements: 23
Elements: I_71, I_102, I_114, I_115, I_122, I_143, I_128, I_139, I_147, I_57, I_120, I_124, I_127, I_73, I_64, I_78, I_87, I_150, I_51, I_53, I_77, I_107, I_111

Cluster (1,1)
Prototypes: [I_68]
Number of elements: 2
Elements: I_80, I_68

Cluster (1,2)
Prototypes: [I_28]
Number of elements: 0
Elements

Cluster (1,3)
Prototypes: [I_144]
Number of elements: 5
Elements: I_110, I_137, I_101, I_145, I_105

Cluster (1,4)
Prototypes: [I_121]
Number of elements: 9
Elements: I_119, I_118, I_136, I_146, I_116, I_121, I_142, I_149, I_144

Cluster (1,5)
Prototypes: [I_31]
Number of elements: 0
Elements

Cluster (1,6)
Prototypes: [I_3]
Number of elements: 16
Elements: I_23, I_36, I_3, I_14, I_25, I_37, I_43, I_21, I_39, I_48, I_50, I_12, I_15, I_29, I_30, I_31

Cluster (1,7)
Prototypes: [I_40]
Number of elements: 28
Elements: I_2, I_4, I_7, I_9, I_10, I_13, I_35, I_38, I_41, I_46, I_5, I_11, I_20, I_22, I_47, I_49, I_17, I_33, I_34, I_16, I_42, I_26, I_1, I_18, I_8, I_28, I_40, I_32


Critério de adequação (energia): 1.71330620488
=====================================
	Confusion Matrix
Classes			 Clusters
---------------------------------------
	0,0	0,1	0,2	0,3	0,4	0,6	0,7	1,0	1,1	1,3	1,4	1,6	1,7	Total

1	0	 0	 0	 0	 0	 0	 6	 0	 0	 0	 0	 16	 28	 50
3	0	 3	 8	 11	 0	 0	 0	 14	 0	 5	 9	 0	 0	 50
2	34	 1	 0	 0	 3	 1	 0	 9	 2	 0	 0	 0	 0	 50
Total	[34  4  8 11  3  1  6 23  2  5  9 16 28]

Matriz de pesos:
Cluster (0,0): 0.0657124493317 0.0388793377276 0.417113589763 0.478294623178
Cluster (0,1): 0.227115194163 0.186448058602 0.296522274594 0.28991447264
Cluster (0,2): 0.0575635005584 0.258082400423 0.635443939937 0.0489101590814
Cluster (0,3): 0.0668522214746 0.0844045651995 0.436453402716 0.41228981061
Cluster (0,4): 0.140512928766 0.322408879078 0.395761497226 0.14131669493
Cluster (0,5): 0.236821595004 0.368861448255 0.217496221729 0.176820735013
Cluster (0,6): 0.0916664637434 0.827295170912 0.0475949275486 0.0334434377963
Cluster (0,7): 0.0692219170339 0.00830991593631 0.803902014742 0.118566152288
Cluster (1,0): 0.0363815475916 0.0212018358971 0.859884516808 0.0825320997035
Cluster (1,1): 0.368764702145 0.231264188993 0.176371263757 0.223599845104
Cluster (1,2): 0.187010139818 0.580779463521 0.124060223778 0.108150172882
Cluster (1,3): 0.0354417171104 0.0319475252944 0.679176019834 0.253434737761
Cluster (1,4): 0.00463164119253 0.00410427277961 0.0164192536591 0.974844832369
Cluster (1,5): 0.0888986490281 0.695820477486 0.121015840114 0.0942650333715
Cluster (1,6): 0.0068512756446 0.00723579287404 0.0776066658767 0.908306265605
Cluster (1,7): 0.018237861072 0.00300526896359 0.738479309987 0.240277559978

Corrected Rand index: 0.520132253281
F-measure(P,Q): 0.637011390436
OERC: 0.0666666666667

#####################################
Repetição do experimento: 2

----------Partition----------
Cluster (0,0)
Prototypes: [I_93]
Number of elements: 19
Elements: I_63, I_68, I_70, I_81, I_65, I_83, I_93, I_54, I_72, I_89, I_90, I_96, I_100, I_60, I_95, I_97, I_62, I_98, I_75

Cluster (0,1)
Prototypes: [I_94]
Number of elements: 6
Elements: I_58, I_99, I_80, I_94, I_61, I_82

Cluster (0,2)
Prototypes: [I_71]
Number of elements: 0
Elements

Cluster (0,3)
Prototypes: [I_8]
Number of elements: 7
Elements: I_23, I_25, I_14, I_15, I_21, I_36, I_37

Cluster (0,4)
Prototypes: [I_124]
Number of elements: 0
Elements

Cluster (0,5)
Prototypes: [I_147]
Number of elements: 20
Elements: I_124, I_127, I_71, I_78, I_128, I_139, I_147, I_150, I_84, I_102, I_114, I_122, I_143, I_111, I_115, I_134, I_53, I_73, I_120, I_142

Cluster (0,6)
Prototypes: [I_129]
Number of elements: 19
Elements: I_138, I_104, I_117, I_137, I_141, I_145, I_130, I_135, I_101, I_109, I_121, I_125, I_129, I_133, I_103, I_105, I_110, I_126, I_144

Cluster (0,7)
Prototypes: [I_106]
Number of elements: 8
Elements: I_106, I_108, I_118, I_119, I_123, I_132, I_136, I_131

Cluster (1,0)
Prototypes: [I_92]
Number of elements: 21
Elements: I_107, I_85, I_56, I_67, I_88, I_69, I_52, I_55, I_59, I_64, I_66, I_74, I_76, I_79, I_86, I_92, I_51, I_57, I_77, I_87, I_91

Cluster (1,1)
Prototypes: [I_77]
Number of elements: 0
Elements

Cluster (1,2)
Prototypes: [I_44]
Number of elements: 5
Elements: I_44, I_6, I_24, I_27, I_45

Cluster (1,3)
Prototypes: [I_40]
Number of elements: 38
Elements: I_1, I_11, I_20, I_28, I_33, I_47, I_49, I_2, I_3, I_4, I_5, I_7, I_8, I_9, I_10, I_12, I_13, I_16, I_17, I_18, I_19, I_22, I_26, I_29, I_30, I_31, I_32, I_34, I_35, I_38, I_39, I_40, I_41, I_42, I_43, I_46, I_48, I_50

Cluster (1,4)
Prototypes: [I_22]
Number of elements: 0
Elements

Cluster (1,5)
Prototypes: [I_133]
Number of elements: 0
Elements

Cluster (1,6)
Prototypes: [I_24]
Number of elements: 0
Elements

Cluster (1,7)
Prototypes: [I_140]
Number of elements: 7
Elements: I_116, I_140, I_113, I_146, I_148, I_112, I_149


Critério de adequação (energia): 1.1246750401
=====================================
	Confusion Matrix
Classes			 Clusters
---------------------------------------
	0,0	0,1	0,3	0,5	0,6	0,7	1,0	1,2	1,3	1,7	Total

1	0	 0	 7	 0	 0	 0	 0	 5	 38	 0	 50
3	0	 0	 0	 15	 19	 8	 1	 0	 0	 7	 50
2	19	 6	 0	 5	 0	 0	 20	 0	 0	 0	 50
Total	[19  6  7 20 19  8 21  5 38  7]

Matriz de pesos:
Cluster (0,0): 0.0717412928876 0.0194650468187 0.692718648848 0.216075011445
Cluster (0,1): 0.0179295983464 0.0156718793803 0.176007745035 0.790390777238
Cluster (0,2): 0.368313487583 0.160112249608 0.2581352484 0.213439014408
Cluster (0,3): 0.00965167594068 0.00892865184076 0.023530487545 0.957889184674
Cluster (0,4): 0.230681378454 0.184389029106 0.335452338517 0.249477253923
Cluster (0,5): 0.0233657675308 0.00614282666177 0.921405390221 0.0490860155863
Cluster (0,6): 0.0517781765363 0.0105131776137 0.899413245639 0.038295400211
Cluster (0,7): 0.10222729654 0.0400050735174 0.420230581783 0.43753704816
Cluster (1,0): 0.0137094255325 0.0103513976203 0.794431617005 0.181507559842
Cluster (1,1): 0.0409309568202 0.0978126418788 0.253204612731 0.60805178857
Cluster (1,2): 0.0667243138015 0.0150059911448 0.867109813652 0.0511598814023
Cluster (1,3): 0.0272760056832 0.00669032691882 0.675647582842 0.290386084556
Cluster (1,4): 0.0570109609582 0.00936598091272 0.763610391723 0.170012666406
Cluster (1,5): 0.20323309369 0.166801820235 0.46254073273 0.167424353345
Cluster (1,6): 0.134467112608 0.680861732345 0.0893193464824 0.0953518085646
Cluster (1,7): 0.0428706680953 0.12229839195 0.646531215614 0.188299724341

Corrected Rand index: 0.554170646253
F-measure(P,Q): 0.659247094336
OERC: 0.04

#####################################
Repetição do experimento: 3

----------Partition----------
Cluster (0,0)
Prototypes: [I_50]
Number of elements: 44
Elements: I_1, I_5, I_7, I_8, I_12, I_18, I_21, I_23, I_28, I_29, I_32, I_37, I_38, I_40, I_41, I_42, I_49, I_11, I_47, I_50, I_20, I_17, I_19, I_33, I_6, I_15, I_34, I_16, I_36, I_3, I_30, I_48, I_2, I_9, I_26, I_46, I_13, I_31, I_35, I_39, I_43, I_4, I_10, I_14

Cluster (0,1)
Prototypes: [I_29]
Number of elements: 0
Elements

Cluster (0,2)
Prototypes: [I_55]
Number of elements: 14
Elements: I_86, I_57, I_52, I_66, I_71, I_79, I_51, I_59, I_64, I_87, I_107, I_75, I_91, I_98

Cluster (0,3)
Prototypes: [I_30]
Number of elements: 0
Elements

Cluster (0,4)
Prototypes: [I_56]
Number of elements: 0
Elements

Cluster (0,5)
Prototypes: [I_134]
Number of elements: 14
Elements: I_100, I_55, I_56, I_72, I_74, I_122, I_127, I_134, I_77, I_115, I_129, I_133, I_123, I_131

Cluster (0,6)
Prototypes: [I_92]
Number of elements: 13
Elements: I_62, I_67, I_89, I_96, I_85, I_92, I_139, I_150, I_128, I_76, I_78, I_97, I_148

Cluster (0,7)
Prototypes: [I_140]
Number of elements: 12
Elements: I_53, I_103, I_113, I_126, I_130, I_138, I_140, I_141, I_142, I_146, I_111, I_116

Cluster (1,0)
Prototypes: [I_27]
Number of elements: 6
Elements: I_24, I_45, I_22, I_25, I_27, I_44

Cluster (1,1)
Prototypes: [I_69]
Number of elements: 2
Elements: I_69, I_88

Cluster (1,2)
Prototypes: [I_81]
Number of elements: 16
Elements: I_99, I_58, I_61, I_94, I_54, I_81, I_90, I_70, I_82, I_63, I_80, I_93, I_68, I_83, I_65, I_95

Cluster (1,3)
Prototypes: [I_50]
Number of elements: 0
Elements

Cluster (1,4)
Prototypes: [I_73]
Number of elements: 5
Elements: I_60, I_135, I_73, I_84, I_120

Cluster (1,5)
Prototypes: [I_112]
Number of elements: 10
Elements: I_109, I_147, I_102, I_114, I_143, I_124, I_112, I_104, I_108, I_117

Cluster (1,6)
Prototypes: [I_16]
Number of elements: 0
Elements

Cluster (1,7)
Prototypes: [I_144]
Number of elements: 14
Elements: I_149, I_137, I_110, I_101, I_118, I_132, I_125, I_145, I_105, I_119, I_144, I_121, I_136, I_106


Critério de adequação (energia): 1.57259935474
=====================================
	Confusion Matrix
Classes			 Clusters
---------------------------------------
	0,0	0,2	0,5	0,6	0,7	1,0	1,1	1,2	1,4	1,5	1,7	Total

1	44	 0	 0	 0	 0	 6	 0	 0	 0	 0	 0	 50
3	0	 1	 8	 4	 11	 0	 0	 0	 2	 10	 14	 50
2	0	 13	 6	 9	 1	 0	 2	 16	 3	 0	 0	 50
Total	[44 14 14 13 12  6  2 16  5 10 14]

Matriz de pesos:
Cluster (0,0): 0.0213722877896 0.00485587557018 0.587538213005 0.386233623635
Cluster (0,1): 0.30831188476 0.171518776686 0.245422147979 0.274747190575
Cluster (0,2): 0.00973186978139 0.00784332255254 0.838059753774 0.144365053892
Cluster (0,3): 0.0771321460652 0.722043675516 0.102642332011 0.0981818464083
Cluster (0,4): 0.0315165479138 0.768852750045 0.120749461576 0.0788812404651
Cluster (0,5): 0.00739589987282 0.955509304971 0.0232362024797 0.013858592677
Cluster (0,6): 0.0356104868515 0.656373178462 0.217055393994 0.0909609406923
Cluster (0,7): 0.0992794223715 0.47457746298 0.28954231932 0.136600795329
Cluster (1,0): 0.284671571881 0.0277923391884 0.446078475636 0.241457613294
Cluster (1,1): 0.249142125729 0.140979749027 0.282355902791 0.327522222453
Cluster (1,2): 0.0991490073358 0.0500927924799 0.337884776612 0.512873423573
Cluster (1,3): 0.531053555079 0.104849760881 0.158638735856 0.205457948184
Cluster (1,4): 0.0238252067681 0.0978897195358 0.0945316539509 0.783753419745
Cluster (1,5): 0.030524636444 0.071939284879 0.233985660951 0.663550417726
Cluster (1,6): 0.579709897641 0.0718917178007 0.161876643984 0.186521740575
Cluster (1,7): 0.0404374625949 0.0377262553953 0.355433000605 0.566403281404

Corrected Rand index: 0.550774511303
F-measure(P,Q): 0.619506232538
OERC: 0.0933333333333

#####################################
Repetição do experimento: 4

----------Partition----------
Cluster (0,0)
Prototypes: [I_50]
Number of elements: 38
Elements: I_15, I_33, I_34, I_1, I_2, I_3, I_4, I_5, I_7, I_8, I_9, I_10, I_11, I_12, I_13, I_14, I_18, I_21, I_23, I_28, I_29, I_30, I_31, I_35, I_36, I_37, I_38, I_39, I_40, I_41, I_42, I_43, I_46, I_47, I_48, I_49, I_50, I_26

Cluster (0,1)
Prototypes: [I_23]
Number of elements: 1
Elements: I_25

Cluster (0,2)
Prototypes: [I_87]
Number of elements: 0
Elements

Cluster (0,3)
Prototypes: [I_67]
Number of elements: 8
Elements: I_85, I_67, I_62, I_52, I_53, I_66, I_79, I_87

Cluster (0,4)
Prototypes: [I_100]
Number of elements: 13
Elements: I_65, I_54, I_90, I_89, I_95, I_97, I_100, I_72, I_56, I_60, I_75, I_88, I_98

Cluster (0,5)
Prototypes: [I_81]
Number of elements: 9
Elements: I_70, I_83, I_58, I_63, I_68, I_81, I_93, I_94, I_99

Cluster (0,6)
Prototypes: [I_134]
Number of elements: 2
Elements: I_135, I_134

Cluster (0,7)
Prototypes: [I_144]
Number of elements: 16
Elements: I_132, I_118, I_119, I_110, I_121, I_125, I_129, I_140, I_144, I_101, I_133, I_137, I_149, I_116, I_141, I_145

Cluster (1,0)
Prototypes: [I_27]
Number of elements: 11
Elements: I_24, I_44, I_27, I_6, I_22, I_32, I_16, I_19, I_45, I_17, I_20

Cluster (1,1)
Prototypes: [I_98]
Number of elements: 0
Elements

Cluster (1,2)
Prototypes: [I_27]
Number of elements: 0
Elements

Cluster (1,3)
Prototypes: [I_117]
Number of elements: 14
Elements: I_106, I_117, I_148, I_76, I_96, I_103, I_113, I_130, I_136, I_139, I_146, I_105, I_128, I_150

Cluster (1,4)
Prototypes: [I_108]
Number of elements: 7
Elements: I_108, I_126, I_138, I_104, I_123, I_131, I_109

Cluster (1,5)
Prototypes: [I_82]
Number of elements: 3
Elements: I_80, I_82, I_61

Cluster (1,6)
Prototypes: [I_92]
Number of elements: 12
Elements: I_74, I_59, I_64, I_92, I_51, I_55, I_69, I_77, I_86, I_107, I_57, I_91

Cluster (1,7)
Prototypes: [I_147]
Number of elements: 16
Elements: I_73, I_120, I_71, I_78, I_124, I_127, I_147, I_84, I_102, I_111, I_114, I_122, I_143, I_112, I_115, I_142


Critério de adequação (energia): 1.06309010266
=====================================
	Confusion Matrix
Classes			 Clusters
---------------------------------------
	0,0	0,1	0,3	0,4	0,5	0,6	0,7	1,0	1,3	1,4	1,5	1,6	1,7	Total

1	38	 1	 0	 0	 0	 0	 0	 11	 0	 0	 0	 0	 0	 50
3	0	 0	 0	 0	 0	 2	 16	 0	 12	 7	 0	 1	 12	 50
2	0	 0	 8	 13	 9	 0	 0	 0	 2	 0	 3	 11	 4	 50
Total	[38  1  8 13  9  2 16 11 14  7  3 12 16]

Matriz de pesos:
Cluster (0,0): 0.0206314852108 0.00491599779844 0.427676143683 0.546776373308
Cluster (0,1): 0.0167255238294 0.00593996421547 0.0863384062166 0.890996105738
Cluster (0,2): 0.00466421603509 0.0675402026458 0.152233163778 0.775562417541
Cluster (0,3): 0.00372217603583 0.0617656804461 0.237914828616 0.696597314902
Cluster (0,4): 0.0123652934823 0.00834102629476 0.121818228422 0.857475451801
Cluster (0,5): 0.0408929207851 0.0390161811162 0.198935191709 0.72115570639
Cluster (0,6): 0.220742154296 0.108039816484 0.319620974004 0.351597055216
Cluster (0,7): 0.0578514700667 0.0416056025436 0.353527742983 0.547015184407
Cluster (1,0): 0.0175843856484 0.00388887650932 0.677040718795 0.301486019047
Cluster (1,1): 0.337564820462 0.122354315533 0.200124095536 0.339956768469
Cluster (1,2): 0.1071261264 0.644319488616 0.113472204604 0.13508218038
Cluster (1,3): 0.000714388116097 0.994566987907 0.0027166038149 0.00200202016175
Cluster (1,4): 0.028100292966 0.108909634427 0.155273077693 0.707716994914
Cluster (1,5): 0.109984316932 0.0680862152473 0.332427224557 0.489502243264
Cluster (1,6): 0.00988453832145 0.00662145183922 0.884033980325 0.0994600295148
Cluster (1,7): 0.0250910546937 0.00716951217164 0.90671924191 0.0610201912246

Corrected Rand index: 0.495897520468
F-measure(P,Q): 0.587061087061
OERC: 0.0466666666667

#####################################
Repetição do experimento: 5

----------Partition----------
Cluster (0,0)
Prototypes: [I_103]
Number of elements: 25
Elements: I_104, I_105, I_117, I_129, I_133, I_101, I_103, I_108, I_110, I_113, I_118, I_121, I_125, I_126, I_130, I_131, I_132, I_136, I_137, I_138, I_140, I_141, I_144, I_145, I_149

Cluster (0,1)
Prototypes: [I_92]
Number of elements: 19
Elements: I_64, I_67, I_79, I_85, I_92, I_52, I_55, I_77, I_87, I_51, I_59, I_66, I_74, I_76, I_56, I_86, I_57, I_69, I_88

Cluster (0,2)
Prototypes: [I_93]
Number of elements: 14
Elements: I_54, I_60, I_65, I_83, I_93, I_95, I_96, I_72, I_75, I_89, I_97, I_98, I_100, I_62

Cluster (0,3)
Prototypes: [I_61]
Number of elements: 7
Elements: I_58, I_94, I_80, I_82, I_61, I_63, I_68

Cluster (0,4)
Prototypes: [I_90]
Number of elements: 6
Elements: I_99, I_107, I_70, I_90, I_109, I_119

Cluster (0,5)
Prototypes: [I_135]
Number of elements: 2
Elements: I_135, I_91

Cluster (0,6)
Prototypes: [I_14]
Number of elements: 1
Elements: I_14

Cluster (0,7)
Prototypes: [I_50]
Number of elements: 29
Elements: I_23, I_36, I_3, I_15, I_37, I_39, I_43, I_1, I_2, I_5, I_9, I_29, I_34, I_48, I_50, I_4, I_21, I_25, I_11, I_12, I_26, I_30, I_31, I_35, I_47, I_8, I_28, I_40, I_49

Cluster (1,0)
Prototypes: [I_147]
Number of elements: 24
Elements: I_120, I_71, I_73, I_114, I_122, I_124, I_127, I_128, I_139, I_147, I_78, I_84, I_102, I_134, I_143, I_150, I_111, I_112, I_115, I_142, I_148, I_53, I_116, I_146

Cluster (1,1)
Prototypes: [I_45]
Number of elements: 1
Elements: I_45

Cluster (1,2)
Prototypes: [I_70]
Number of elements: 1
Elements: I_81

Cluster (1,3)
Prototypes: [I_106]
Number of elements: 2
Elements: I_106, I_123

Cluster (1,4)
Prototypes: [I_35]
Number of elements: 0
Elements

Cluster (1,5)
Prototypes: [I_19]
Number of elements: 0
Elements

Cluster (1,6)
Prototypes: [I_20]
Number of elements: 8
Elements: I_16, I_44, I_10, I_32, I_33, I_13, I_20, I_38

Cluster (1,7)
Prototypes: [I_22]
Number of elements: 11
Elements: I_6, I_19, I_22, I_27, I_24, I_7, I_17, I_18, I_46, I_41, I_42


Critério de adequação (energia): 1.60533246399
=====================================
	Confusion Matrix
Classes			 Clusters
---------------------------------------
	0,0	0,1	0,2	0,3	0,4	0,5	0,6	0,7	1,0	1,1	1,2	1,3	1,6	1,7	Total

1	0	 0	 0	 0	 0	 0	 1	 29	 0	 1	 0	 0	 8	 11	 50
3	25	 0	 0	 0	 3	 1	 0	 0	 19	 0	 0	 2	 0	 0	 50
2	0	 19	 14	 7	 3	 1	 0	 0	 5	 0	 1	 0	 0	 0	 50
Total	[25 19 14  7  6  2  1 29 24  1  1  2  8 11]

Matriz de pesos:
Cluster (0,0): 0.0750918293358 0.0594307216249 0.564376644585 0.301100804454
Cluster (0,1): 0.024281220003 0.0219600513696 0.674573335895 0.279185392733
Cluster (0,2): 0.0598137695609 0.0253228087893 0.550081591344 0.364781830306
Cluster (0,3): 0.00828564161013 0.00228315944185 0.19673780235 0.792693396599
Cluster (0,4): 0.00834375386167 0.957629065095 0.0156873614342 0.0183398196092
Cluster (0,5): 0.0826869282497 0.632279604634 0.0748298084237 0.210203658693
Cluster (0,6): 0.0679189562143 0.0442479582276 0.299591916969 0.588241168589
Cluster (0,7): 0.000499433772079 0.000173895783437 0.00899928079442 0.99032738965
Cluster (1,0): 0.0354677029881 0.00778519910573 0.892510492208 0.064236605698
Cluster (1,1): 0.345722526305 0.155859256505 0.258949254841 0.239468962349
Cluster (1,2): 0.0828100852662 0.0312010585519 0.617703678963 0.268285177219
Cluster (1,3): 0.0902094367019 0.307651010256 0.2386329316 0.363506621441
Cluster (1,4): 0.950434302837 0.0179117572196 0.0187354247191 0.0129185152239
Cluster (1,5): 0.378870925093 0.0655772151085 0.182911268264 0.372640591534
Cluster (1,6): 0.00529367001158 0.00063239960031 0.981933875748 0.0121400546398
Cluster (1,7): 0.0516503748056 0.00578374540819 0.711065538844 0.231500340942

Corrected Rand index: 0.499999982245
F-measure(P,Q): 0.650522839846
OERC: 0.06

#####################################
Repetição do experimento: 6

----------Partition----------
Cluster (0,0)
Prototypes: [I_20]
Number of elements: 19
Elements: I_42, I_6, I_16, I_17, I_19, I_20, I_22, I_33, I_34, I_45, I_44, I_38, I_18, I_27, I_32, I_24, I_10, I_41, I_7

Cluster (0,1)
Prototypes: [I_95]
Number of elements: 0
Elements

Cluster (0,2)
Prototypes: [I_81]
Number of elements: 13
Elements: I_63, I_83, I_93, I_54, I_68, I_70, I_80, I_81, I_82, I_61, I_58, I_94, I_99

Cluster (0,3)
Prototypes: [I_92]
Number of elements: 15
Elements: I_69, I_88, I_107, I_52, I_57, I_74, I_55, I_51, I_77, I_86, I_87, I_66, I_56, I_91, I_59

Cluster (0,4)
Prototypes: [I_143]
Number of elements: 15
Elements: I_112, I_134, I_135, I_102, I_111, I_143, I_147, I_114, I_84, I_115, I_142, I_120, I_116, I_73, I_53

Cluster (0,5)
Prototypes: [I_109]
Number of elements: 4
Elements: I_138, I_126, I_109, I_131

Cluster (0,6)
Prototypes: [I_79]
Number of elements: 8
Elements: I_108, I_75, I_65, I_79, I_97, I_98, I_64, I_104

Cluster (0,7)
Prototypes: [I_96]
Number of elements: 0
Elements

Cluster (1,0)
Prototypes: [I_50]
Number of elements: 25
Elements: I_23, I_3, I_9, I_25, I_36, I_37, I_43, I_48, I_1, I_4, I_5, I_8, I_12, I_21, I_28, I_29, I_30, I_31, I_35, I_40, I_50, I_15, I_11, I_47, I_49

Cluster (1,1)
Prototypes: [I_137]
Number of elements: 0
Elements

Cluster (1,2)
Prototypes: [I_100]
Number of elements: 5
Elements: I_72, I_95, I_100, I_60, I_90

Cluster (1,3)
Prototypes: [I_127]
Number of elements: 4
Elements: I_71, I_127, I_124, I_122

Cluster (1,4)
Prototypes: [I_121]
Number of elements: 12
Elements: I_149, I_137, I_101, I_125, I_145, I_121, I_144, I_129, I_133, I_110, I_141, I_140

Cluster (1,5)
Prototypes: [I_106]
Number of elements: 4
Elements: I_123, I_119, I_118, I_132

Cluster (1,6)
Prototypes: [I_62]
Number of elements: 0
Elements

Cluster (1,7)
Prototypes: [I_62]
Number of elements: 26
Elements: I_78, I_103, I_105, I_106, I_117, I_128, I_130, I_136, I_139, I_146, I_148, I_150, I_14, I_85, I_39, I_13, I_46, I_2, I_26, I_67, I_76, I_113, I_89, I_96, I_62, I_92


Critério de adequação (energia): 0.836144049921
=====================================
	Confusion Matrix
Classes			 Clusters
---------------------------------------
	0,0	0,2	0,3	0,4	0,5	0,6	1,0	1,2	1,3	1,4	1,5	1,7	Total

1	19	 0	 0	 0	 0	 0	 25	 0	 0	 0	 0	 6	 50
3	0	 0	 1	 12	 4	 2	 0	 0	 3	 12	 4	 12	 50
2	0	 13	 14	 3	 0	 6	 0	 5	 1	 0	 0	 8	 50
Total	[19 13 15 15  4  8 25  5  4 12  4 26]

Matriz de pesos:
Cluster (0,0): 0.0396207466354 0.0050092762003 0.767750299258 0.187619677906
Cluster (0,1): 0.615712746674 0.0582363445388 0.139094341094 0.186956567693
Cluster (0,2): 0.0833158833703 0.0647469350733 0.397154379267 0.45478280229
Cluster (0,3): 0.0127060787824 0.00784136510627 0.836193210294 0.143259345817
Cluster (0,4): 0.0222392783949 0.0231692495063 0.899662385126 0.0549290869723
Cluster (0,5): 0.0214862988659 0.00550646649188 0.268145244554 0.704861990089
Cluster (0,6): 0.00186060050359 0.984598405055 0.00346089376059 0.0100801006805
Cluster (0,7): 0.00960155580562 0.960242607092 0.0154472921134 0.0147085449886
Cluster (1,0): 0.00104358356849 0.000645648965662 0.0161372533636 0.982173514102
Cluster (1,1): 0.145757184856 0.729264119426 0.0753749635523 0.049603732165
Cluster (1,2): 0.0199576457805 0.0512621394588 0.409493788991 0.519286425769
Cluster (1,3): 0.0637308527689 0.012476958883 0.644324773224 0.279467415124
Cluster (1,4): 0.0420269695897 0.0368510131026 0.679325812175 0.241796205133
Cluster (1,5): 0.141109170927 0.00472435191709 0.568185946735 0.285980530421
Cluster (1,6): 0.0857108184061 0.595703735721 0.143292253092 0.175293192781
Cluster (1,7): 1.9036913629e-07 0.999999288917 2.6360942612e-07 2.57104676875e-07

Corrected Rand index: 0.379020669712
F-measure(P,Q): 0.494844223876
OERC: 0.14

#####################################
Repetição do experimento: 7

----------Partition----------
Cluster (0,0)
Prototypes: [I_121]
Number of elements: 22
Elements: I_103, I_105, I_113, I_115, I_116, I_119, I_121, I_129, I_133, I_136, I_140, I_141, I_142, I_144, I_145, I_146, I_101, I_110, I_125, I_137, I_149, I_118

Cluster (0,1)
Prototypes: [I_147]
Number of elements: 14
Elements: I_71, I_128, I_139, I_78, I_124, I_127, I_150, I_102, I_111, I_122, I_143, I_147, I_114, I_148

Cluster (0,2)
Prototypes: [I_87]
Number of elements: 24
Elements: I_62, I_64, I_67, I_76, I_79, I_85, I_86, I_92, I_51, I_52, I_55, I_57, I_66, I_73, I_77, I_87, I_53, I_134, I_84, I_120, I_69, I_135, I_60, I_130

Cluster (0,3)
Prototypes: [I_70]
Number of elements: 6
Elements: I_80, I_68, I_82, I_63, I_70, I_81

Cluster (0,4)
Prototypes: [I_14]
Number of elements: 1
Elements: I_14

Cluster (0,5)
Prototypes: [I_4]
Number of elements: 0
Elements

Cluster (0,6)
Prototypes: [I_134]
Number of elements: 0
Elements

Cluster (0,7)
Prototypes: [I_27]
Number of elements: 10
Elements: I_24, I_44, I_27, I_6, I_22, I_32, I_45, I_16, I_17, I_19

Cluster (1,0)
Prototypes: [I_131]
Number of elements: 11
Elements: I_138, I_104, I_117, I_126, I_108, I_109, I_112, I_131, I_123, I_132, I_106

Cluster (1,1)
Prototypes: [I_27]
Number of elements: 0
Elements

Cluster (1,2)
Prototypes: [I_107]
Number of elements: 1
Elements: I_107

Cluster (1,3)
Prototypes: [I_93]
Number of elements: 17
Elements: I_54, I_90, I_61, I_83, I_91, I_93, I_94, I_96, I_99, I_58, I_72, I_88, I_98, I_74, I_75, I_59, I_65

Cluster (1,4)
Prototypes: [I_56]
Number of elements: 5
Elements: I_56, I_89, I_95, I_97, I_100

Cluster (1,5)
Prototypes: [I_4]
Number of elements: 0
Elements

Cluster (1,6)
Prototypes: [I_36]
Number of elements: 9
Elements: I_23, I_36, I_3, I_15, I_21, I_25, I_37, I_39, I_43

Cluster (1,7)
Prototypes: [I_8]
Number of elements: 30
Elements: I_1, I_2, I_4, I_5, I_7, I_8, I_9, I_10, I_11, I_12, I_13, I_18, I_20, I_26, I_28, I_29, I_30, I_31, I_35, I_38, I_40, I_41, I_46, I_47, I_48, I_49, I_50, I_42, I_33, I_34


Critério de adequação (energia): 1.48577748433
=====================================
	Confusion Matrix
Classes			 Clusters
---------------------------------------
	0,0	0,1	0,2	0,3	0,4	0,7	1,0	1,2	1,3	1,4	1,6	1,7	Total

1	0	 0	 0	 0	 1	 10	 0	 0	 0	 0	 9	 30	 50
3	22	 12	 4	 0	 0	 0	 11	 1	 0	 0	 0	 0	 50
2	0	 2	 20	 6	 0	 0	 0	 0	 17	 5	 0	 0	 50
Total	[22 14 24  6  1 10 11  1 17  5  9 30]

Matriz de pesos:
Cluster (0,0): 0.0523973364332 0.0508303738372 0.280060552323 0.616711737407
Cluster (0,1): 0.0241785529521 0.00550192627068 0.716794749008 0.25352477177
Cluster (0,2): 0.0126370251109 0.0114609552305 0.150199811101 0.825702208558
Cluster (0,3): 0.248995256504 0.0405991557271 0.366926587926 0.343478999844
Cluster (0,4): 0.134286191041 0.522760308422 0.144169300906 0.198784199631
Cluster (0,5): 0.0906507356584 0.212265694902 0.199760607278 0.497322962161
Cluster (0,6): 0.300727462554 0.221788903524 0.164058932018 0.313424701905
Cluster (0,7): 0.0523084171094 0.00990837998633 0.645154237765 0.292628965139
Cluster (1,0): 0.0176716454077 0.0171291902585 0.178056289639 0.787142874695
Cluster (1,1): 0.211688117112 0.423073269683 0.162925431062 0.202313182143
Cluster (1,2): 0.0297706134621 0.0733685920635 0.657199511669 0.239661282806
Cluster (1,3): 0.0483943890705 0.0370608991059 0.273950351741 0.640594360083
Cluster (1,4): 0.170308559332 0.118192862653 0.239092554637 0.472406023378
Cluster (1,5): 0.269226412336 0.294023755427 0.179114681443 0.257635150795
Cluster (1,6): 0.00451563961309 0.00118157056084 0.0693577145624 0.924945075264
Cluster (1,7): 0.0189362946908 0.00425456159574 0.551872235009 0.424936908704

Corrected Rand index: 0.48991007167
F-measure(P,Q): 0.633883883884
OERC: 0.04

#####################################
Repetição do experimento: 8

----------Partition----------
Cluster (0,0)
Prototypes: [I_143]
Number of elements: 17
Elements: I_71, I_127, I_128, I_139, I_78, I_102, I_122, I_124, I_143, I_150, I_111, I_112, I_114, I_147, I_148, I_142, I_146

Cluster (0,1)
Prototypes: [I_49]
Number of elements: 0
Elements

Cluster (0,2)
Prototypes: [I_104]
Number of elements: 6
Elements: I_104, I_117, I_108, I_109, I_126, I_138

Cluster (0,3)
Prototypes: [I_67]
Number of elements: 10
Elements: I_107, I_86, I_67, I_79, I_85, I_56, I_91, I_52, I_69, I_88

Cluster (0,4)
Prototypes: [I_1]
Number of elements: 0
Elements

Cluster (0,5)
Prototypes: [I_134]
Number of elements: 10
Elements: I_135, I_73, I_120, I_134, I_62, I_53, I_130, I_55, I_84, I_87

Cluster (0,6)
Prototypes: [I_80]
Number of elements: 2
Elements: I_80, I_82

Cluster (0,7)
Prototypes: [I_44]
Number of elements: 10
Elements: I_99, I_58, I_61, I_94, I_24, I_44, I_27, I_41, I_26, I_36

Cluster (1,0)
Prototypes: [I_103]
Number of elements: 15
Elements: I_103, I_106, I_113, I_119, I_123, I_131, I_140, I_105, I_129, I_133, I_125, I_116, I_132, I_118, I_149

Cluster (1,1)
Prototypes: [I_144]
Number of elements: 8
Elements: I_101, I_110, I_137, I_145, I_121, I_136, I_141, I_144

Cluster (1,2)
Prototypes: [I_7]
Number of elements: 1
Elements: I_25

Cluster (1,3)
Prototypes: [I_115]
Number of elements: 1
Elements: I_115

Cluster (1,4)
Prototypes: [I_93]
Number of elements: 16
Elements: I_95, I_54, I_60, I_89, I_90, I_96, I_97, I_100, I_68, I_70, I_81, I_83, I_93, I_63, I_65, I_72

Cluster (1,5)
Prototypes: [I_92]
Number of elements: 11
Elements: I_74, I_75, I_98, I_59, I_66, I_76, I_64, I_92, I_51, I_57, I_77

Cluster (1,6)
Prototypes: [I_45]
Number of elements: 3
Elements: I_6, I_45, I_22

Cluster (1,7)
Prototypes: [I_50]
Number of elements: 40
Elements: I_1, I_2, I_3, I_4, I_5, I_7, I_8, I_9, I_10, I_12, I_13, I_14, I_18, I_21, I_23, I_28, I_29, I_30, I_31, I_32, I_35, I_37, I_38, I_39, I_40, I_42, I_43, I_46, I_48, I_50, I_11, I_19, I_20, I_47, I_49, I_17, I_15, I_33, I_34, I_16


Critério de adequação (energia): 1.44207902724
=====================================
	Confusion Matrix
Classes			 Clusters
---------------------------------------
	0,0	0,2	0,3	0,5	0,6	0,7	1,0	1,1	1,2	1,3	1,4	1,5	1,6	1,7	Total

1	0	 0	 0	 0	 0	 6	 0	 0	 1	 0	 0	 0	 3	 40	 50
3	15	 6	 1	 4	 0	 0	 15	 8	 0	 1	 0	 0	 0	 0	 50
2	2	 0	 9	 6	 2	 4	 0	 0	 0	 0	 16	 11	 0	 0	 50
Total	[17  6 10 10  2 10 15  8  1  1 16 11  3 40]

Matriz de pesos:
Cluster (0,0): 0.0272013951925 0.0220014742966 0.620136148536 0.330660981975
Cluster (0,1): 0.486486724748 0.221056614079 0.160014645357 0.132442015816
Cluster (0,2): 0.0463346220736 0.0612628893031 0.275302399327 0.617100089297
Cluster (0,3): 0.00490560992356 0.00193104337392 0.973430421703 0.0197329249997
Cluster (0,4): 0.472861507629 0.139475865152 0.172747228699 0.21491539852
Cluster (0,5): 0.0170877171393 0.00687971295456 0.0562977661176 0.919734803789
Cluster (0,6): 0.141893135402 0.0437781268361 0.241514539048 0.572814198714
Cluster (0,7): 0.928433584568 0.00241094007986 0.0204147075755 0.0487407677766
Cluster (1,0): 0.0760149885375 0.0562951536191 0.3613863016 0.506303556243
Cluster (1,1): 0.0458749487671 0.0387538582229 0.715757714025 0.199613478985
Cluster (1,2): 0.091546098907 0.758343404494 0.0809626427501 0.0691478538489
Cluster (1,3): 0.541411350239 0.18924588764 0.234960281576 0.034382480545
Cluster (1,4): 0.062936188678 0.018280737559 0.690766119113 0.22801695465
Cluster (1,5): 0.0223289980087 0.0215059109251 0.606846653646 0.34931843742
Cluster (1,6): 0.156631110153 0.0825097618467 0.313062428098 0.447796699903
Cluster (1,7): 0.0243040223234 0.00558246348237 0.539721016751 0.430392497443

Corrected Rand index: 0.510983556794
F-measure(P,Q): 0.611758611759
OERC: 0.0733333333333

#####################################
Repetição do experimento: 9

----------Partition----------
Cluster (0,0)
Prototypes: [I_20]
Number of elements: 21
Elements: I_16, I_19, I_34, I_6, I_17, I_33, I_11, I_20, I_22, I_49, I_42, I_44, I_38, I_18, I_32, I_27, I_41, I_7, I_46, I_10, I_13

Cluster (0,1)
Prototypes: [I_72]
Number of elements: 0
Elements

Cluster (0,2)
Prototypes: [I_24]
Number of elements: 3
Elements: I_45, I_24, I_99

Cluster (0,3)
Prototypes: [I_78]
Number of elements: 0
Elements

Cluster (0,4)
Prototypes: [I_116]
Number of elements: 2
Elements: I_101, I_116

Cluster (0,5)
Prototypes: [I_87]
Number of elements: 11
Elements: I_64, I_74, I_92, I_59, I_57, I_77, I_87, I_51, I_71, I_127, I_139

Cluster (0,6)
Prototypes: [I_147]
Number of elements: 19
Elements: I_53, I_78, I_84, I_124, I_128, I_114, I_122, I_147, I_102, I_134, I_143, I_150, I_111, I_120, I_73, I_115, I_142, I_148, I_146

Cluster (0,7)
Prototypes: [I_129]
Number of elements: 17
Elements: I_135, I_117, I_138, I_104, I_140, I_149, I_113, I_129, I_133, I_137, I_141, I_145, I_121, I_130, I_109, I_125, I_105

Cluster (1,0)
Prototypes: [I_50]
Number of elements: 27
Elements: I_2, I_3, I_4, I_9, I_14, I_30, I_31, I_39, I_43, I_48, I_8, I_12, I_23, I_25, I_26, I_29, I_35, I_36, I_40, I_50, I_1, I_21, I_37, I_5, I_15, I_28, I_47

Cluster (1,1)
Prototypes: [I_92]
Number of elements: 0
Elements

Cluster (1,2)
Prototypes: [I_94]
Number of elements: 5
Elements: I_58, I_94, I_80, I_61, I_82

Cluster (1,3)
Prototypes: [I_93]
Number of elements: 13
Elements: I_65, I_70, I_81, I_90, I_54, I_89, I_60, I_100, I_68, I_83, I_93, I_63, I_72

Cluster (1,4)
Prototypes: [I_98]
Number of elements: 10
Elements: I_88, I_98, I_62, I_75, I_66, I_76, I_97, I_95, I_96, I_91

Cluster (1,5)
Prototypes: [I_79]
Number of elements: 9
Elements: I_85, I_52, I_67, I_69, I_79, I_86, I_107, I_56, I_55

Cluster (1,6)
Prototypes: [I_131]
Number of elements: 5
Elements: I_108, I_123, I_131, I_112, I_126

Cluster (1,7)
Prototypes: [I_136]
Number of elements: 8
Elements: I_119, I_136, I_106, I_103, I_132, I_144, I_118, I_110


Critério de adequação (energia): 0.863385242371
=====================================
	Confusion Matrix
Classes			 Clusters
---------------------------------------
	0,0	0,2	0,4	0,5	0,6	0,7	1,0	1,2	1,3	1,4	1,5	1,6	1,7	Total

1	21	 2	 0	 0	 0	 0	 27	 0	 0	 0	 0	 0	 0	 50
3	0	 0	 2	 2	 15	 17	 0	 0	 0	 0	 1	 5	 8	 50
2	0	 1	 0	 9	 4	 0	 0	 5	 13	 10	 8	 0	 0	 50
Total	[21  3  2 11 19 17 27  5 13 10  9  5  8]

Matriz de pesos:
Cluster (0,0): 0.0247220356255 0.00276620258182 0.841218818829 0.131292942963
Cluster (0,1): 0.335643724449 0.123341623838 0.252245172196 0.288769479517
Cluster (0,2): 0.819961860298 0.00195321432257 0.0798336036233 0.0982513217561
Cluster (0,3): 0.134762018888 0.221427232366 0.337038302289 0.306772446457
Cluster (0,4): 0.554793041742 0.204850007923 0.122904178629 0.117452771705
Cluster (0,5): 0.00590789561249 0.0102939196933 0.954245537519 0.0295526471753
Cluster (0,6): 0.0172944019039 0.00501099269118 0.945587897931 0.032106707474
Cluster (0,7): 0.0290755631719 0.0078942040857 0.933130801 0.0298994317422
Cluster (1,0): 0.00372927904248 0.0023487886346 0.0647745845633 0.92914734776
Cluster (1,1): 0.207715321073 0.420213727529 0.160616951833 0.211453999565
Cluster (1,2): 0.0183796071445 0.0154615118972 0.176938204326 0.789220676633
Cluster (1,3): 0.0494027072131 0.0185332951 0.743831263226 0.188232734461
Cluster (1,4): 0.00961203009327 0.00905333662934 0.811873977289 0.169460655988
Cluster (1,5): 0.00491729863071 0.00306825779615 0.891820240457 0.100194203117
Cluster (1,6): 0.0216800060383 0.193568063791 0.106014275895 0.678737654275
Cluster (1,7): 0.0601251993265 0.0289350392545 0.575446174673 0.335493586745

Corrected Rand index: 0.435017654166
F-measure(P,Q): 0.540486600188
OERC: 0.0533333333333

#####################################
Repetição do experimento: 10

----------Partition----------
Cluster (0,0)
Prototypes: [I_3]
Number of elements: 15
Elements: I_14, I_36, I_3, I_23, I_39, I_43, I_9, I_25, I_2, I_21, I_26, I_30, I_31, I_48, I_50

Cluster (0,1)
Prototypes: [I_40]
Number of elements: 26
Elements: I_6, I_11, I_19, I_20, I_33, I_47, I_5, I_22, I_28, I_32, I_49, I_1, I_18, I_29, I_38, I_8, I_40, I_12, I_7, I_35, I_10, I_46, I_4, I_13, I_16, I_34

Cluster (0,2)
Prototypes: [I_41]
Number of elements: 5
Elements: I_15, I_17, I_37, I_41, I_42

Cluster (0,3)
Prototypes: [I_80]
Number of elements: 0
Elements

Cluster (0,4)
Prototypes: [I_82]
Number of elements: 9
Elements: I_82, I_58, I_94, I_61, I_63, I_68, I_80, I_99, I_81

Cluster (0,5)
Prototypes: [I_38]
Number of elements: 0
Elements

Cluster (0,6)
Prototypes: [I_143]
Number of elements: 20
Elements: I_115, I_122, I_84, I_102, I_114, I_143, I_150, I_120, I_124, I_128, I_134, I_147, I_73, I_78, I_111, I_112, I_116, I_142, I_146, I_148

Cluster (0,7)
Prototypes: [I_125]
Number of elements: 21
Elements: I_110, I_137, I_149, I_101, I_145, I_121, I_125, I_141, I_105, I_126, I_138, I_140, I_144, I_103, I_113, I_117, I_104, I_129, I_133, I_131, I_109

Cluster (1,0)
Prototypes: [I_146]
Number of elements: 0
Elements

Cluster (1,1)
Prototypes: [I_44]
Number of elements: 4
Elements: I_44, I_24, I_27, I_45

Cluster (1,2)
Prototypes: [I_96]
Number of elements: 0
Elements

Cluster (1,3)
Prototypes: [I_123]
Number of elements: 6
Elements: I_119, I_123, I_106, I_118, I_132, I_136

Cluster (1,4)
Prototypes: [I_130]
Number of elements: 2
Elements: I_130, I_108

