# Topology: 3x5
# Cardinality (q): 1
# Tmin: 0.300000011921
# Tmax: 4.0
# Number of iterations: 50.0

#####################################
Repetição do experimento: 0

----------Partition----------
Cluster (0,0)
Prototypes: [class_exe190]
Number of elements: 6
Elements: class_exe190, class_exe195, class_exe198, class_exe202, class_exe209, class_exe186

Cluster (0,1)
Prototypes: [class_exe196]
Number of elements: 1
Elements: class_exe196

Cluster (0,2)
Prototypes: [class_exe91]
Number of elements: 12
Elements: class_exe23, class_exe91, class_exe100, class_exe121, class_exe82, class_exe83, class_exe99, class_exe88, class_exe86, class_exe96, class_exe81, class_exe127

Cluster (0,3)
Prototypes: [class_exe35]
Number of elements: 43
Elements: class_exe2, class_exe3, class_exe4, class_exe6, class_exe7, class_exe8, class_exe10, class_exe27, class_exe30, class_exe33, class_exe35, class_exe41, class_exe43, class_exe45, class_exe59, class_exe62, class_exe63, class_exe77, class_exe90, class_exe94, class_exe95, class_exe98, class_exe104, class_exe105, class_exe111, class_exe113, class_exe117, class_exe131, class_exe139, class_exe146, class_exe149, class_exe159, class_exe170, class_exe173, class_exe175, class_exe5, class_exe49, class_exe64, class_exe93, class_exe108, class_exe158, class_exe174, class_exe210

Cluster (0,4)
Prototypes: [class_exe71]
Number of elements: 68
Elements: class_exe0, class_exe9, class_exe11, class_exe12, class_exe14, class_exe16, class_exe21, class_exe22, class_exe26, class_exe28, class_exe29, class_exe37, class_exe39, class_exe40, class_exe44, class_exe50, class_exe52, class_exe53, class_exe54, class_exe58, class_exe66, class_exe68, class_exe71, class_exe72, class_exe73, class_exe74, class_exe106, class_exe107, class_exe112, class_exe122, class_exe128, class_exe133, class_exe143, class_exe147, class_exe151, class_exe152, class_exe154, class_exe156, class_exe157, class_exe160, class_exe161, class_exe162, class_exe163, class_exe165, class_exe166, class_exe167, class_exe168, class_exe169, class_exe177, class_exe180, class_exe183, class_exe184, class_exe17, class_exe20, class_exe56, class_exe60, class_exe61, class_exe70, class_exe97, class_exe120, class_exe124, class_exe125, class_exe126, class_exe130, class_exe138, class_exe140, class_exe148, class_exe38

Cluster (1,0)
Prototypes: [class_exe205]
Number of elements: 5
Elements: class_exe189, class_exe192, class_exe204, class_exe205, class_exe211

Cluster (1,1)
Prototypes: [class_exe212]
Number of elements: 2
Elements: class_exe103, class_exe201

Cluster (1,2)
Prototypes: [class_exe85]
Number of elements: 4
Elements: class_exe13, class_exe85, class_exe89, class_exe55

Cluster (1,3)
Prototypes: [class_exe62]
Number of elements: 2
Elements: class_exe87, class_exe187

Cluster (1,4)
Prototypes: [class_exe31]
Number of elements: 49
Elements: class_exe31, class_exe34, class_exe42, class_exe65, class_exe69, class_exe76, class_exe123, class_exe141, class_exe144, class_exe145, class_exe214, class_exe15, class_exe18, class_exe19, class_exe24, class_exe47, class_exe48, class_exe51, class_exe57, class_exe67, class_exe75, class_exe78, class_exe92, class_exe109, class_exe110, class_exe114, class_exe115, class_exe116, class_exe118, class_exe119, class_exe132, class_exe134, class_exe135, class_exe136, class_exe142, class_exe153, class_exe155, class_exe176, class_exe178, class_exe181, class_exe188, class_exe212, class_exe150, class_exe164, class_exe171, class_exe172, class_exe179, class_exe182, class_exe129

Cluster (2,0)
Prototypes: [class_exe208]
Number of elements: 9
Elements: class_exe193, class_exe207, class_exe185, class_exe194, class_exe203, class_exe208, class_exe191, class_exe199, class_exe200

Cluster (2,1)
Prototypes: [class_exe206]
Number of elements: 2
Elements: class_exe197, class_exe206

Cluster (2,2)
Prototypes: [class_exe157]
Number of elements: 0
Elements

Cluster (2,3)
Prototypes: [class_exe189]
Number of elements: 0
Elements

Cluster (2,4)
Prototypes: [class_exe137]
Number of elements: 12
Elements: class_exe1, class_exe32, class_exe46, class_exe79, class_exe84, class_exe137, class_exe25, class_exe80, class_exe102, class_exe213, class_exe36, class_exe101


Critério de adequação (energia): 0.386491037916
=====================================
	Confusion Matrix
Classes			 Clusters
---------------------------------------
	0,0	0,1	0,2	0,3	0,4	1,0	1,1	1,2	1,3	1,4	2,0	2,1	2,4	Total

1	0	 0	 12	 36	 50	 0	 1	 4	 1	 35	 0	 0	 11	 150
3	6	 1	 0	 1	 0	 5	 1	 0	 1	 3	 9	 2	 1	 30
2	0	 0	 0	 6	 18	 0	 0	 0	 0	 11	 0	 0	 0	 35
Total	[ 6  1 12 43 68  5  2  4  2 49  9  2 12]

Matriz de pesos:
Cluster (0,0): 0.0073293461472 0.81000059881 0.0911624241255 0.0900297749401 0.0014778559771
Cluster (0,1): 0.0993605405089 0.210236817168 0.468077733515 0.207237883915 0.0150870248927
Cluster (0,2): 0.00180451372211 0.000969832521349 0.00880738207039 0.960300270301 0.0281180013848
Cluster (0,3): 0.000411517936859 0.000574496758511 0.000581603609742 0.995416047555 0.00301633413961
Cluster (0,4): 0.000576920828091 0.0012641534225 0.000813939943654 0.967101723229 0.0302432625772
Cluster (1,0): 0.0152781689603 0.91247168259 0.0668882768841 0.00403800194616 0.00132386961953
Cluster (1,1): 0.00134027174935 0.023284345103 0.926040075432 0.0072482946665 0.0420870130489
Cluster (1,2): 0.0224977310286 0.00187375658892 0.0444745552681 0.130685549548 0.800468407566
Cluster (1,3): 0.00311884436397 0.00414374772225 0.00382365453332 0.947223006663 0.0416907467178
Cluster (1,4): 0.000123458481678 0.000183709498799 0.000154754976754 0.995620469126 0.00391760791716
Cluster (2,0): 0.0166448577027 0.520429376677 0.451911008577 0.00184613978352 0.00916861725988
Cluster (2,1): 0.0940717683726 0.494719565069 0.381632014269 0.00979215653292 0.0197844957561
Cluster (2,2): 0.495109468716 0.00308074555533 0.00741020621667 0.110532221782 0.383867357729
Cluster (2,3): 0.0855844183137 0.0540138331939 0.171437196624 0.00680471467666 0.682159837192
Cluster (2,4): 0.000300575719605 0.00166917217434 0.00345373539125 0.989982703555 0.00459381315972

Corrected Rand index: 0.341803862013
F-measure(P,Q): 0.441332572114
OERC: 0.195348837209

#####################################
Repetição do experimento: 1

----------Partition----------
Cluster (0,0)
Prototypes: [class_exe208]
Number of elements: 11
Elements: class_exe185, class_exe194, class_exe203, class_exe206, class_exe207, class_exe208, class_exe191, class_exe197, class_exe200, class_exe201, class_exe193

Cluster (0,1)
Prototypes: [class_exe211]
Number of elements: 3
Elements: class_exe211, class_exe202, class_exe199

Cluster (0,2)
Prototypes: [class_exe163]
Number of elements: 1
Elements: class_exe163

Cluster (0,3)
Prototypes: [class_exe107]
Number of elements: 39
Elements: class_exe179, class_exe182, class_exe20, class_exe26, class_exe28, class_exe29, class_exe70, class_exe97, class_exe107, class_exe112, class_exe125, class_exe143, class_exe150, class_exe152, class_exe171, class_exe172, class_exe12, class_exe17, class_exe44, class_exe73, class_exe122, class_exe129, class_exe164, class_exe0, class_exe9, class_exe11, class_exe14, class_exe39, class_exe54, class_exe58, class_exe124, class_exe128, class_exe133, class_exe138, class_exe140, class_exe147, class_exe151, class_exe166, class_exe183

Cluster (0,4)
Prototypes: [class_exe120]
Number of elements: 36
Elements: class_exe160, class_exe162, class_exe169, class_exe180, class_exe167, class_exe154, class_exe161, class_exe165, class_exe156, class_exe168, class_exe50, class_exe184, class_exe21, class_exe22, class_exe55, class_exe106, class_exe120, class_exe148, class_exe157, class_exe16, class_exe37, class_exe61, class_exe130, class_exe52, class_exe56, class_exe68, class_exe71, class_exe72, class_exe74, class_exe126, class_exe177, class_exe38, class_exe53, class_exe60, class_exe40, class_exe66

Cluster (1,0)
Prototypes: [class_exe34]
Number of elements: 0
Elements

Cluster (1,1)
Prototypes: [class_exe2]
Number of elements: 0
Elements

Cluster (1,2)
Prototypes: [class_exe3]
Number of elements: 0
Elements

Cluster (1,3)
Prototypes: [class_exe123]
Number of elements: 25
Elements: class_exe92, class_exe142, class_exe65, class_exe123, class_exe31, class_exe34, class_exe67, class_exe69, class_exe75, class_exe109, class_exe115, class_exe118, class_exe119, class_exe134, class_exe135, class_exe212, class_exe15, class_exe42, class_exe132, class_exe136, class_exe145, class_exe181, class_exe188, class_exe57, class_exe176

Cluster (1,4)
Prototypes: [class_exe116]
Number of elements: 29
Elements: class_exe153, class_exe155, class_exe2, class_exe131, class_exe178, class_exe18, class_exe24, class_exe30, class_exe33, class_exe48, class_exe110, class_exe111, class_exe114, class_exe116, class_exe149, class_exe174, class_exe175, class_exe19, class_exe47, class_exe51, class_exe78, class_exe141, class_exe3, class_exe76, class_exe117, class_exe144, class_exe5, class_exe108, class_exe214

Cluster (2,0)
Prototypes: [class_exe209]
Number of elements: 6
Elements: class_exe190, class_exe196, class_exe205, class_exe209, class_exe195, class_exe189

Cluster (2,1)
Prototypes: [class_exe198]
Number of elements: 4
Elements: class_exe204, class_exe186, class_exe192, class_exe198

Cluster (2,2)
Prototypes: [class_exe85]
Number of elements: 3
Elements: class_exe13, class_exe85, class_exe103

Cluster (2,3)
Prototypes: [class_exe63]
Number of elements: 27
Elements: class_exe4, class_exe35, class_exe41, class_exe45, class_exe63, class_exe77, class_exe6, class_exe8, class_exe10, class_exe43, class_exe49, class_exe59, class_exe62, class_exe64, class_exe90, class_exe93, class_exe98, class_exe104, class_exe105, class_exe139, class_exe7, class_exe27, class_exe113, class_exe146, class_exe159, class_exe95, class_exe170

Cluster (2,4)
Prototypes: [class_exe102]
Number of elements: 31
Elements: class_exe1, class_exe23, class_exe25, class_exe80, class_exe82, class_exe83, class_exe88, class_exe94, class_exe96, class_exe99, class_exe121, class_exe87, class_exe100, class_exe187, class_exe36, class_exe46, class_exe86, class_exe89, class_exe91, class_exe101, class_exe102, class_exe127, class_exe84, class_exe137, class_exe213, class_exe32, class_exe79, class_exe81, class_exe210, class_exe173, class_exe158


Critério de adequação (energia): 0.450685727064
=====================================
	Confusion Matrix
Classes			 Clusters
---------------------------------------
	0,0	0,1	0,2	0,3	0,4	1,3	1,4	2,0	2,1	2,2	2,3	2,4	Total

1	0	 0	 0	 29	 23	 21	 23	 0	 0	 3	 25	 26	 150
3	11	 3	 0	 0	 0	 2	 1	 6	 4	 0	 0	 3	 30
2	0	 0	 1	 10	 13	 2	 5	 0	 0	 0	 2	 2	 35
Total	[11  3  1 39 36 25 29  6  4  3 27 31]

Matriz de pesos:
Cluster (0,0): 0.0214058000091 0.64934948385 0.314509997566 0.00237002989227 0.012364688683
Cluster (0,1): 0.000845556865 0.0421922091645 0.950798028853 0.00495099897653 0.00121320614077
Cluster (0,2): 0.0314129130387 0.0125947965628 0.0187223941018 0.790924290092 0.146345606205
Cluster (0,3): 0.000185372117181 0.000155954759956 8.67618919549e-05 0.99572409748 0.0038478137511
Cluster (0,4): 0.000712134280626 0.000427754858751 0.000290896732133 0.970833615374 0.0277355987546
Cluster (1,0): 0.351889128216 0.0770371110593 0.486642291067 0.025649225955 0.0587822437031
Cluster (1,1): 0.417893833401 0.0709898399568 0.363382733801 0.135655621813 0.0120779710286
Cluster (1,2): 0.0256884331392 0.00885495917781 0.113449127712 0.761060877268 0.090946602703
Cluster (1,3): 0.000345952340607 0.000427284246683 0.00146678876489 0.995652622921 0.00210735172728
Cluster (1,4): 0.000141402787784 0.000121807713768 0.00010758162378 0.989981615018 0.00964759285705
Cluster (2,0): 0.0375261366735 0.470276627638 0.475369758966 0.0143033656044 0.00252411111825
Cluster (2,1): 0.422878942512 0.104584429161 0.386214119593 0.0844603769672 0.00186213176686
Cluster (2,2): 0.122244450071 0.00924680711009 0.286606724067 0.530401067218 0.0515009515343
Cluster (2,3): 0.000538517645642 0.000988980483934 0.00240888017775 0.994749537409 0.00131408428353
Cluster (2,4): 0.000958255338025 0.00103247038384 0.000934426379256 0.991890415334 0.00518443256464

Corrected Rand index: 0.259420285614
F-measure(P,Q): 0.348587015887
OERC: 0.186046511628

#####################################
Repetição do experimento: 2

----------Partition----------
Cluster (0,0)
Prototypes: [class_exe208]
Number of elements: 11
Elements: class_exe191, class_exe197, class_exe199, class_exe200, class_exe203, class_exe208, class_exe185, class_exe194, class_exe207, class_exe206, class_exe193

Cluster (0,1)
Prototypes: [class_exe201]
Number of elements: 1
Elements: class_exe201

Cluster (0,2)
Prototypes: [class_exe118]
Number of elements: 0
Elements

Cluster (0,3)
Prototypes: [class_exe106]
Number of elements: 51
Elements: class_exe53, class_exe60, class_exe21, class_exe52, class_exe66, class_exe120, class_exe16, class_exe37, class_exe40, class_exe50, class_exe56, class_exe61, class_exe68, class_exe71, class_exe74, class_exe106, class_exe126, class_exe130, class_exe168, class_exe177, class_exe184, class_exe0, class_exe9, class_exe11, class_exe14, class_exe39, class_exe54, class_exe58, class_exe72, class_exe124, class_exe128, class_exe133, class_exe138, class_exe140, class_exe147, class_exe151, class_exe156, class_exe157, class_exe160, class_exe161, class_exe165, class_exe169, class_exe180, class_exe154, class_exe166, class_exe167, class_exe183, class_exe150, class_exe164, class_exe171, class_exe172

Cluster (0,4)
Prototypes: [class_exe55]
Number of elements: 6
Elements: class_exe55, class_exe22, class_exe38, class_exe148, class_exe162, class_exe163

Cluster (1,0)
Prototypes: [class_exe205]
Number of elements: 5
Elements: class_exe192, class_exe189, class_exe205, class_exe211, class_exe204

Cluster (1,1)
Prototypes: [class_exe190]
Number of elements: 2
Elements: class_exe190, class_exe186

Cluster (1,2)
Prototypes: [class_exe21]
Number of elements: 0
Elements

Cluster (1,3)
Prototypes: [class_exe109]
Number of elements: 0
Elements

Cluster (1,4)
Prototypes: [class_exe196]
Number of elements: 1
Elements: class_exe196

Cluster (2,0)
Prototypes: [class_exe209]
Number of elements: 4
Elements: class_exe202, class_exe209, class_exe198, class_exe195

Cluster (2,1)
Prototypes: [class_exe23]
Number of elements: 2
Elements: class_exe13, class_exe103

Cluster (2,2)
Prototypes: [class_exe91]
Number of elements: 26
Elements: class_exe23, class_exe82, class_exe100, class_exe121, class_exe36, class_exe83, class_exe84, class_exe85, class_exe88, class_exe101, class_exe102, class_exe81, class_exe137, class_exe89, class_exe32, class_exe46, class_exe99, class_exe86, class_exe91, class_exe96, class_exe127, class_exe213, class_exe79, class_exe80, class_exe1, class_exe25

Cluster (2,3)
Prototypes: [class_exe35]
Number of elements: 63
Elements: class_exe8, class_exe27, class_exe51, class_exe114, class_exe116, class_exe5, class_exe7, class_exe30, class_exe48, class_exe94, class_exe95, class_exe98, class_exe113, class_exe144, class_exe146, class_exe149, class_exe214, class_exe2, class_exe10, class_exe87, class_exe110, class_exe131, class_exe141, class_exe159, class_exe174, class_exe175, class_exe170, class_exe178, class_exe187, class_exe176, class_exe49, class_exe153, class_exe173, class_exe158, class_exe19, class_exe155, class_exe18, class_exe76, class_exe78, class_exe64, class_exe210, class_exe47, class_exe108, class_exe24, class_exe3, class_exe33, class_exe111, class_exe117, class_exe4, class_exe35, class_exe43, class_exe45, class_exe63, class_exe77, class_exe6, class_exe41, class_exe59, class_exe62, class_exe90, class_exe93, class_exe139, class_exe104, class_exe105

Cluster (2,4)
Prototypes: [class_exe132]
Number of elements: 43
Elements: class_exe15, class_exe57, class_exe118, class_exe132, class_exe135, class_exe136, class_exe12, class_exe17, class_exe20, class_exe29, class_exe31, class_exe34, class_exe44, class_exe65, class_exe69, class_exe75, class_exe92, class_exe97, class_exe112, class_exe115, class_exe119, class_exe122, class_exe123, class_exe125, class_exe129, class_exe134, class_exe142, class_exe143, class_exe145, class_exe179, class_exe182, class_exe188, class_exe212, class_exe26, class_exe28, class_exe42, class_exe67, class_exe70, class_exe73, class_exe107, class_exe109, class_exe152, class_exe181


Critério de adequação (energia): 0.371455227975
=====================================
	Confusion Matrix
Classes			 Clusters
---------------------------------------
	0,0	0,1	0,3	0,4	1,0	1,1	1,4	2,0	2,1	2,2	2,3	2,4	Total

1	0	 0	 32	 4	 0	 0	 0	 0	 2	 25	 50	 37	 150
3	11	 1	 0	 0	 5	 2	 1	 4	 0	 1	 3	 2	 30
2	0	 0	 19	 2	 0	 0	 0	 0	 0	 0	 10	 4	 35
Total	[11  1 51  6  5  2  1  4  2 26 63 43]

Matriz de pesos:
Cluster (0,0): 0.016673000685 0.521222175538 0.451070278254 0.00184924157847 0.00918530394446
Cluster (0,1): 0.0540922869645 0.60468953517 0.29614417561 0.00891069949916 0.0361633027568
Cluster (0,2): 0.0157064759919 0.0131033635933 0.00990996621588 0.802971422088 0.15830877211
Cluster (0,3): 0.000929696537142 0.000992953333854 0.000364456176274 0.962943023509 0.0347698704438
Cluster (0,4): 0.00787807711909 0.0112768495093 0.00679901392425 0.80181539397 0.172230665478
Cluster (1,0): 0.0143987449282 0.917998024387 0.0625860789167 0.00377673888723 0.00124041288133
Cluster (1,1): 0.00781694847138 0.286929473611 0.413832723594 0.289154500102 0.0022663542217
Cluster (1,2): 0.0820475505189 0.219007593838 0.275954321044 0.360371635109 0.0626188994896
Cluster (1,3): 0.00487899462201 0.00500660872444 0.00323116652751 0.92300186444 0.0638813656859
Cluster (1,4): 0.27504338766 0.173379802055 0.262430350719 0.246956857935 0.0421896016319
Cluster (2,0): 0.0576183063338 0.869626705012 0.0600590871049 0.0112187166744 0.00147718487522
Cluster (2,1): 0.0326133410438 0.357837631921 0.376074224485 0.190712422173 0.0427623803775
Cluster (2,2): 0.00298087546294 0.00165957356769 0.00942941321568 0.978704514611 0.00722562314276
Cluster (2,3): 0.000401552054554 0.000646257387109 0.000496428036532 0.992476308358 0.00597945416369
Cluster (2,4): 0.00105748968017 0.00101132937739 0.00149660557089 0.990516491514 0.00591808385785

Corrected Rand index: 0.357394467976
F-measure(P,Q): 0.474349825423
OERC: 0.190697674419

#####################################
Repetição do experimento: 3

----------Partition----------
Cluster (0,0)
Prototypes: [class_exe198]
Number of elements: 4
Elements: class_exe190, class_exe192, class_exe198, class_exe204

Cluster (0,1)
Prototypes: [class_exe122]
Number of elements: 2
Elements: class_exe13, class_exe186

Cluster (0,2)
Prototypes: [class_exe103]
Number of elements: 1
Elements: class_exe103

Cluster (0,3)
Prototypes: [class_exe29]
Number of elements: 42
Elements: class_exe15, class_exe17, class_exe20, class_exe70, class_exe75, class_exe97, class_exe109, class_exe112, class_exe115, class_exe118, class_exe122, class_exe125, class_exe132, class_exe136, class_exe28, class_exe29, class_exe44, class_exe129, class_exe135, class_exe26, class_exe57, class_exe73, class_exe143, class_exe0, class_exe9, class_exe11, class_exe12, class_exe14, class_exe39, class_exe54, class_exe58, class_exe107, class_exe124, class_exe128, class_exe133, class_exe138, class_exe140, class_exe147, class_exe152, class_exe151, class_exe171, class_exe182

Cluster (0,4)
Prototypes: [class_exe120]
Number of elements: 39
Elements: class_exe52, class_exe148, class_exe16, class_exe53, class_exe60, class_exe74, class_exe37, class_exe61, class_exe21, class_exe66, class_exe68, class_exe126, class_exe38, class_exe40, class_exe50, class_exe120, class_exe130, class_exe71, class_exe106, class_exe56, class_exe177, class_exe184, class_exe72, class_exe165, class_exe157, class_exe160, class_exe156, class_exe161, class_exe180, class_exe154, class_exe167, class_exe169, class_exe183, class_exe166, class_exe22, class_exe55, class_exe162, class_exe163, class_exe168

Cluster (1,0)
Prototypes: [class_exe209]
Number of elements: 2
Elements: class_exe195, class_exe209

Cluster (1,1)
Prototypes: [class_exe80]
Number of elements: 0
Elements

Cluster (1,2)
Prototypes: [class_exe202]
Number of elements: 2
Elements: class_exe202, class_exe211

Cluster (1,3)
Prototypes: [class_exe15]
Number of elements: 0
Elements

Cluster (1,4)
Prototypes: [class_exe78]
Number of elements: 49
Elements: class_exe19, class_exe47, class_exe78, class_exe116, class_exe2, class_exe3, class_exe5, class_exe18, class_exe24, class_exe30, class_exe31, class_exe33, class_exe34, class_exe42, class_exe48, class_exe51, class_exe65, class_exe67, class_exe69, class_exe76, class_exe92, class_exe108, class_exe110, class_exe111, class_exe114, class_exe117, class_exe119, class_exe123, class_exe131, class_exe134, class_exe141, class_exe142, class_exe144, class_exe145, class_exe149, class_exe153, class_exe155, class_exe174, class_exe175, class_exe176, class_exe178, class_exe179, class_exe181, class_exe188, class_exe212, class_exe214, class_exe150, class_exe164, class_exe172

Cluster (2,0)
Prototypes: [class_exe208]
Number of elements: 11
Elements: class_exe197, class_exe191, class_exe199, class_exe200, class_exe208, class_exe185, class_exe193, class_exe203, class_exe206, class_exe194, class_exe207

Cluster (2,1)
Prototypes: [class_exe205]
Number of elements: 2
Elements: class_exe189, class_exe205

Cluster (2,2)
Prototypes: [class_exe201]
Number of elements: 2
Elements: class_exe196, class_exe201

Cluster (2,3)
Prototypes: [class_exe89]
Number of elements: 11
Elements: class_exe89, class_exe85, class_exe100, class_exe213, class_exe121, class_exe127, class_exe81, class_exe32, class_exe23, class_exe86, class_exe91

Cluster (2,4)
Prototypes: [class_exe87]
Number of elements: 48
Elements: class_exe80, class_exe87, class_exe94, class_exe96, class_exe158, class_exe159, class_exe170, class_exe173, class_exe6, class_exe10, class_exe43, class_exe99, class_exe101, class_exe102, class_exe187, class_exe35, class_exe62, class_exe1, class_exe46, class_exe113, class_exe41, class_exe139, class_exe83, class_exe146, class_exe90, class_exe8, class_exe27, class_exe95, class_exe4, class_exe25, class_exe45, class_exe63, class_exe77, class_exe82, class_exe36, class_exe98, class_exe88, class_exe104, class_exe105, class_exe93, class_exe7, class_exe137, class_exe59, class_exe64, class_exe79, class_exe84, class_exe49, class_exe210


Critério de adequação (energia): 0.352469072944
=====================================
	Confusion Matrix
Classes			 Clusters
---------------------------------------
	0,0	0,1	0,2	0,3	0,4	1,0	1,2	1,4	2,0	2,1	2,2	2,3	2,4	Total

1	0	 1	 1	 38	 23	 0	 0	 35	 0	 0	 0	 10	 42	 150
3	4	 1	 0	 0	 0	 2	 2	 3	 11	 2	 2	 1	 2	 30
2	0	 0	 0	 4	 16	 0	 0	 11	 0	 0	 0	 0	 4	 35
Total	[ 4  2  1 42 39  2  2 49 11  2  2 11 48]

Matriz de pesos:
Cluster (0,0): 0.0141554332473 0.196347788836 0.71940466871 0.0692211226526 0.000870986553467
Cluster (0,1): 0.0418335270671 0.152456413297 0.80179065074 0.00344566631781 0.000473742578043
Cluster (0,2): 0.0939627757218 0.0941068047514 0.354106981376 0.381369654498 0.0764537836534
Cluster (0,3): 0.000552296565397 0.000681441214325 0.00155133403808 0.991349405068 0.00586552311406
Cluster (0,4): 0.000768487969332 0.000393517569479 0.000244021241616 0.964749491192 0.0338444820275
Cluster (1,0): 0.0540163657259 0.215045165024 0.724916766755 0.00433782345373 0.00168387904214
Cluster (1,1): 0.682193357545 0.0308547119514 0.228980065819 0.0484231494202 0.0095487152637
Cluster (1,2): 0.0429535509918 0.290921412488 0.292071463161 0.343987661538 0.0300659118211
Cluster (1,3): 0.0102458614366 0.00911494695125 0.0116755076064 0.897433390491 0.0715302935143
Cluster (1,4): 0.000226855889482 0.000236222282434 0.00023790210753 0.994606320553 0.00469269916783
Cluster (2,0): 0.0224577952122 0.344444696321 0.618276586961 0.00234489571873 0.0124760257875
Cluster (2,1): 0.017583905793 0.413533568888 0.567575169813 0.000674695419014 0.000632660086575
Cluster (2,2): 0.00230456606255 0.0132470491436 0.950206055007 0.021630629775 0.0126117000113
Cluster (2,3): 0.00400156821527 0.00544427142113 0.0142684874258 0.968648561706 0.00763711123139
Cluster (2,4): 0.000517586350704 0.00106860723914 0.000950401348713 0.992160360156 0.00530304490496

Corrected Rand index: 0.334277965878
F-measure(P,Q): 0.441251440684
OERC: 0.195348837209

#####################################
Repetição do experimento: 4

----------Partition----------
Cluster (0,0)
Prototypes: [class_exe31]
Number of elements: 55
Elements: class_exe155, class_exe164, class_exe42, class_exe110, class_exe150, class_exe153, class_exe171, class_exe172, class_exe176, class_exe178, class_exe179, class_exe182, class_exe181, class_exe34, class_exe145, class_exe18, class_exe24, class_exe31, class_exe57, class_exe47, class_exe48, class_exe188, class_exe92, class_exe51, class_exe78, class_exe134, class_exe141, class_exe114, class_exe75, class_exe67, class_exe109, class_exe132, class_exe136, class_exe15, class_exe115, class_exe116, class_exe135, class_exe142, class_exe69, class_exe123, class_exe65, class_exe212, class_exe119, class_exe144, class_exe214, class_exe19, class_exe2, class_exe5, class_exe30, class_exe33, class_exe76, class_exe131, class_exe149, class_exe174, class_exe175

Cluster (0,1)
Prototypes: [class_exe120]
Number of elements: 30
Elements: class_exe168, class_exe16, class_exe21, class_exe37, class_exe50, class_exe71, class_exe72, class_exe74, class_exe106, class_exe120, class_exe130, class_exe154, class_exe156, class_exe157, class_exe160, class_exe161, class_exe165, class_exe167, class_exe169, class_exe177, class_exe180, class_exe184, class_exe40, class_exe52, class_exe53, class_exe56, class_exe61, class_exe66, class_exe68, class_exe126

Cluster (0,2)
Prototypes: [class_exe156]
Number of elements: 0
Elements

Cluster (0,3)
Prototypes: [class_exe13]
Number of elements: 3
Elements: class_exe13, class_exe32, class_exe186

Cluster (0,4)
Prototypes: [class_exe209]
Number of elements: 5
Elements: class_exe196, class_exe202, class_exe195, class_exe198, class_exe209

Cluster (1,0)
Prototypes: [class_exe29]
Number of elements: 31
Elements: class_exe0, class_exe9, class_exe11, class_exe39, class_exe54, class_exe58, class_exe124, class_exe138, class_exe140, class_exe147, class_exe151, class_exe17, class_exe20, class_exe26, class_exe28, class_exe29, class_exe70, class_exe97, class_exe107, class_exe112, class_exe125, class_exe128, class_exe143, class_exe183, class_exe12, class_exe44, class_exe73, class_exe122, class_exe129, class_exe152, class_exe166

Cluster (1,1)
Prototypes: [class_exe22]
Number of elements: 7
Elements: class_exe38, class_exe55, class_exe60, class_exe148, class_exe22, class_exe162, class_exe163

Cluster (1,2)
Prototypes: [class_exe81]
Number of elements: 1
Elements: class_exe81

Cluster (1,3)
Prototypes: [class_exe11]
Number of elements: 0
Elements

Cluster (1,4)
Prototypes: [class_exe205]
Number of elements: 4
Elements: class_exe189, class_exe201, class_exe205, class_exe211

Cluster (2,0)
Prototypes: [class_exe84]
Number of elements: 40
Elements: class_exe25, class_exe82, class_exe83, class_exe10, class_exe23, class_exe90, class_exe100, class_exe46, class_exe113, class_exe139, class_exe88, class_exe89, class_exe146, class_exe91, class_exe84, class_exe79, class_exe213, class_exe127, class_exe36, class_exe99, class_exe137, class_exe49, class_exe210, class_exe86, class_exe101, class_exe96, class_exe187, class_exe1, class_exe27, class_exe80, class_exe43, class_exe94, class_exe8, class_exe87, class_exe159, class_exe95, class_exe170, class_exe173, class_exe158, class_exe102

Cluster (2,1)
Prototypes: [class_exe63]
Number of elements: 12
Elements: class_exe111, class_exe117, class_exe63, class_exe108, class_exe35, class_exe4, class_exe7, class_exe45, class_exe59, class_exe62, class_exe64, class_exe98

Cluster (2,2)
Prototypes: [class_exe118]
Number of elements: 16
Elements: class_exe103, class_exe85, class_exe190, class_exe3, class_exe121, class_exe41, class_exe6, class_exe14, class_exe77, class_exe104, class_exe105, class_exe118, class_exe133, class_exe204, class_exe93, class_exe192

Cluster (2,3)
Prototypes: [class_exe31]
Number of elements: 0
Elements

Cluster (2,4)
Prototypes: [class_exe208]
Number of elements: 11
Elements: class_exe185, class_exe191, class_exe193, class_exe194, class_exe197, class_exe199, class_exe200, class_exe203, class_exe206, class_exe207, class_exe208


Critério de adequação (energia): 0.483162884274
=====================================
	Confusion Matrix
Classes			 Clusters
---------------------------------------
	0,0	0,1	0,3	0,4	1,0	1,1	1,2	1,4	2,0	2,1	2,2	2,4	Total

1	39	 18	 2	 0	 27	 5	 1	 0	 33	 12	 13	 0	 150
3	3	 0	 1	 5	 0	 0	 0	 4	 3	 0	 3	 11	 30
2	13	 12	 0	 0	 4	 2	 0	 0	 4	 0	 0	 0	 35
Total	[55 30  3  5 31  7  1  4 40 12 16 11]

Matriz de pesos:
Cluster (0,0): 0.000178702498719 0.000263328786435 0.000249832214181 0.994104982539 0.00520315396126
Cluster (0,1): 0.000281063846735 0.000148871567545 0.000100317044926 0.986725821675 0.012743925866
Cluster (0,2): 0.00162895294837 0.00515800651764 0.00282563534618 0.826500362606 0.163887042581
Cluster (0,3): 0.121271867964 0.256915090644 0.578759688933 0.0390598736615 0.00399347879765
Cluster (0,4): 0.324218554895 0.455146003286 0.16168211051 0.0531038473946 0.00584948391349
Cluster (1,0): 0.000356392860501 0.000358752697848 0.000169298871009 0.992590744551 0.00652481102
Cluster (1,1): 0.000953243535407 0.00146578980821 0.00605960770101 0.979739408774 0.0117819501809
Cluster (1,2): 0.0102607050615 0.0638544478256 0.6358258629 0.222235938796 0.0678230454173
Cluster (1,3): 0.117755692373 0.133446827394 0.469056940085 0.0966437540664 0.183096786081
Cluster (1,4): 0.0168445347371 0.535701218784 0.437441662163 0.00730594651239 0.00270663780317
Cluster (2,0): 0.00232957537332 0.00202563631515 0.00232614796883 0.986146172324 0.00717246801838
Cluster (2,1): 0.0314240964922 0.0139842629829 0.0637692749019 0.838779098933 0.0520432666902
Cluster (2,2): 0.00570983086017 0.0127389176853 0.959919756665 0.0156230077529 0.00600848703712
Cluster (2,3): 0.280736058678 0.103194082677 0.432790457031 0.0269869676821 0.156292433931
Cluster (2,4): 0.0165326435212 0.518227673329 0.454235061253 0.00183152122744 0.00917310066972

Corrected Rand index: 0.276659634344
F-measure(P,Q): 0.400436319211
OERC: 0.209302325581

#####################################
Repetição do experimento: 5

----------Partition----------
Cluster (0,0)
Prototypes: [class_exe106]
Number of elements: 46
Elements: class_exe166, class_exe167, class_exe169, class_exe183, class_exe154, class_exe156, class_exe157, class_exe160, class_exe161, class_exe165, class_exe180, class_exe50, class_exe151, class_exe168, class_exe184, class_exe56, class_exe39, class_exe72, class_exe9, class_exe177, class_exe11, class_exe71, class_exe147, class_exe106, class_exe128, class_exe40, class_exe120, class_exe140, class_exe21, class_exe130, class_exe138, class_exe0, class_exe58, class_exe66, class_exe133, class_exe14, class_exe68, class_exe124, class_exe37, class_exe53, class_exe54, class_exe61, class_exe74, class_exe126, class_exe16, class_exe52

Cluster (0,1)
Prototypes: [class_exe75]
Number of elements: 48
Elements: class_exe15, class_exe31, class_exe34, class_exe57, class_exe65, class_exe67, class_exe75, class_exe92, class_exe109, class_exe115, class_exe118, class_exe123, class_exe132, class_exe134, class_exe135, class_exe136, class_exe142, class_exe145, class_exe12, class_exe17, class_exe20, class_exe26, class_exe28, class_exe29, class_exe42, class_exe44, class_exe69, class_exe70, class_exe73, class_exe97, class_exe107, class_exe112, class_exe119, class_exe122, class_exe125, class_exe129, class_exe143, class_exe150, class_exe152, class_exe171, class_exe179, class_exe181, class_exe182, class_exe188, class_exe212, class_exe164, class_exe172, class_exe176

Cluster (0,2)
Prototypes: [class_exe22]
Number of elements: 6
Elements: class_exe22, class_exe55, class_exe38, class_exe148, class_exe162, class_exe60

Cluster (0,3)
Prototypes: [class_exe163]
Number of elements: 1
Elements: class_exe163

Cluster (0,4)
Prototypes: [class_exe91]
Number of elements: 2
Elements: class_exe13, class_exe85

Cluster (1,0)
Prototypes: [class_exe35]
Number of elements: 62
Elements: class_exe2, class_exe3, class_exe5, class_exe18, class_exe19, class_exe24, class_exe30, class_exe33, class_exe47, class_exe48, class_exe51, class_exe76, class_exe78, class_exe108, class_exe110, class_exe111, class_exe114, class_exe116, class_exe117, class_exe131, class_exe141, class_exe144, class_exe149, class_exe174, class_exe175, class_exe178, class_exe214, class_exe153, class_exe155, class_exe4, class_exe7, class_exe8, class_exe35, class_exe41, class_exe45, class_exe64, class_exe77, class_exe95, class_exe170, class_exe49, class_exe63, class_exe98, class_exe6, class_exe10, class_exe27, class_exe43, class_exe59, class_exe62, class_exe90, class_exe93, class_exe104, class_exe105, class_exe113, class_exe139, class_exe146, class_exe158, class_exe159, class_exe173, class_exe187, class_exe210, class_exe87, class_exe94

Cluster (1,1)
Prototypes: [class_exe129]
Number of elements: 0
Elements

Cluster (1,2)
Prototypes: [class_exe196]
Number of elements: 1
Elements: class_exe196

Cluster (1,3)
Prototypes: [class_exe145]
Number of elements: 0
Elements

Cluster (1,4)
Prototypes: [class_exe168]
Number of elements: 0
Elements

Cluster (2,0)
Prototypes: [class_exe23]
Number of elements: 26
Elements: class_exe23, class_exe36, class_exe84, class_exe86, class_exe89, class_exe91, class_exe100, class_exe101, class_exe102, class_exe103, class_exe82, class_exe83, class_exe88, class_exe99, class_exe121, class_exe81, class_exe96, class_exe25, class_exe80, class_exe127, class_exe32, class_exe46, class_exe1, class_exe137, class_exe79, class_exe213

Cluster (2,1)
Prototypes: [class_exe94]
Number of elements: 0
Elements

Cluster (2,2)
Prototypes: [class_exe190]
Number of elements: 6
Elements: class_exe202, class_exe209, class_exe186, class_exe190, class_exe198, class_exe195

Cluster (2,3)
Prototypes: [class_exe205]
Number of elements: 6
Elements: class_exe204, class_exe205, class_exe192, class_exe201, class_exe189, class_exe211

Cluster (2,4)
Prototypes: [class_exe208]
Number of elements: 11
Elements: class_exe194, class_exe197, class_exe206, class_exe191, class_exe193, class_exe203, class_exe200, class_exe208, class_exe185, class_exe207, class_exe199


Critério de adequação (energia): 0.474593597937
=====================================
	Confusion Matrix
Classes			 Clusters
---------------------------------------
	0,0	0,1	0,2	0,3	0,4	1,0	1,2	2,0	2,2	2,3	2,4	Total

1	31	 37	 5	 0	 2	 50	 0	 25	 0	 0	 0	 150
3	0	 2	 0	 0	 0	 3	 1	 1	 6	 6	 11	 30
2	15	 9	 1	 1	 0	 9	 0	 0	 0	 0	 0	 35
Total	[46 48  6  1  2 62  1 26  6  6 11]

Matriz de pesos:
Cluster (0,0): 0.000450556246651 0.000457795381699 0.000150169920703 0.982781223957 0.0161602544939
Cluster (0,1): 0.000261876246288 0.000233256387086 0.000243510510564 0.995532253273 0.00372910358307
Cluster (0,2): 0.00127425106598 0.00464436986163 0.0122256206575 0.966915861998 0.0149398964173
Cluster (0,3): 0.0271326046171 0.00748957784826 0.194426892764 0.348407570912 0.422543353858
Cluster (0,4): 0.048097785636 0.00277290248265 0.176554190233 0.0740508508237 0.698524270825
Cluster (1,0): 0.000384611218467 0.000631364474159 0.000436159496181 0.99346205781 0.00508580700094
Cluster (1,1): 0.00584179857293 0.00487325782019 0.00615674048125 0.956260050661 0.0268681524646
Cluster (1,2): 0.11090404267 0.274447167755 0.429363142831 0.169500127591 0.0157855191529
Cluster (1,3): 0.130635176974 0.0528718773661 0.757914988904 0.0405903551836 0.0179876015717
Cluster (1,4): 0.202326598491 0.163721776466 0.283351164047 0.0509935948438 0.299606866153
Cluster (2,0): 0.00171831473454 0.0033484730828 0.00831798878153 0.978497160529 0.00811806287173
Cluster (2,1): 0.189381670148 0.107327473536 0.358233753173 0.321244417177 0.0238126859668
Cluster (2,2): 0.00740735811183 0.808021124566 0.0920933470603 0.0909846556869 0.00149351457483
Cluster (2,3): 0.0226042578759 0.792585555141 0.171141866388 0.0108238652402 0.00284445535506
Cluster (2,4): 0.0166712645606 0.521225667018 0.451069544028 0.00184904517244 0.00918447922113

Corrected Rand index: 0.351573266025
F-measure(P,Q): 0.46425693451
OERC: 0.186046511628

#####################################
Repetição do experimento: 6

----------Partition----------
Cluster (0,0)
Prototypes: [class_exe102]
Number of elements: 27
Elements: class_exe1, class_exe158, class_exe173, class_exe25, class_exe81, class_exe83, class_exe121, class_exe213, class_exe23, class_exe80, class_exe82, class_exe86, class_exe88, class_exe101, class_exe99, class_exe96, class_exe102, class_exe36, class_exe79, class_exe32, class_exe46, class_exe127, class_exe84, class_exe137, class_exe89, class_exe100, class_exe91

Cluster (0,1)
Prototypes: [class_exe6]
Number of elements: 30
Elements: class_exe4, class_exe41, class_exe45, class_exe63, class_exe64, class_exe77, class_exe98, class_exe139, class_exe6, class_exe10, class_exe35, class_exe59, class_exe62, class_exe90, class_exe93, class_exe104, class_exe105, class_exe146, class_exe27, class_exe43, class_exe49, class_exe113, class_exe210, class_exe8, class_exe7, class_exe94, class_exe159, class_exe87, class_exe95, class_exe187

Cluster (0,2)
Prototypes: [class_exe103]
Number of elements: 1
Elements: class_exe103

Cluster (0,3)
Prototypes: [class_exe122]
Number of elements: 2
Elements: class_exe13, class_exe186

Cluster (0,4)
Prototypes: [class_exe198]
Number of elements: 3
Elements: class_exe204, class_exe198, class_exe190

Cluster (1,0)
Prototypes: [class_exe78]
Number of elements: 46
Elements: class_exe18, class_exe24, class_exe48, class_exe78, class_exe110, class_exe19, class_exe31, class_exe34, class_exe42, class_exe47, class_exe51, class_exe65, class_exe67, class_exe69, class_exe76, class_exe92, class_exe116, class_exe123, class_exe134, class_exe141, class_exe142, class_exe144, class_exe145, class_exe178, class_exe181, class_exe188, class_exe119, class_exe153, class_exe155, class_exe176, class_exe212, class_exe214, class_exe2, class_exe3, class_exe30, class_exe33, class_exe111, class_exe114, class_exe117, class_exe131, class_exe149, class_exe174, class_exe175, class_exe5, class_exe108, class_exe170

Cluster (1,1)
Prototypes: [class_exe16]
Number of elements: 10
Elements: class_exe16, class_exe37, class_exe74, class_exe106, class_exe130, class_exe56, class_exe61, class_exe68, class_exe71, class_exe126

Cluster (1,2)
Prototypes: [class_exe85]
Number of elements: 1
Elements: class_exe85

Cluster (1,3)
Prototypes: [class_exe192]
Number of elements: 1
Elements: class_exe192

Cluster (1,4)
Prototypes: [class_exe205]
Number of elements: 7
Elements: class_exe196, class_exe195, class_exe209, class_exe189, class_exe205, class_exe201, class_exe185

Cluster (2,0)
Prototypes: [class_exe29]
Number of elements: 49
Elements: class_exe133, class_exe58, class_exe75, class_exe97, class_exe109, class_exe112, class_exe115, class_exe20, class_exe54, class_exe138, class_exe9, class_exe14, class_exe29, class_exe70, class_exe107, class_exe124, class_exe140, class_exe143, class_exe0, class_exe17, class_exe28, class_exe125, class_exe39, class_exe128, class_exe151, class_exe11, class_exe118, class_exe122, class_exe129, class_exe136, class_exe147, class_exe152, class_exe26, class_exe57, class_exe73, class_exe132, class_exe135, class_exe12, class_exe15, class_exe44, class_exe182, class_exe171, class_exe179, class_exe183, class_exe150, class_exe172, class_exe164, class_exe166, class_exe40

Cluster (2,1)
Prototypes: [class_exe157]
Number of elements: 26
Elements: class_exe21, class_exe22, class_exe38, class_exe50, class_exe55, class_exe120, class_exe148, class_exe160, class_exe162, class_exe165, class_exe168, class_exe184, class_exe52, class_exe53, class_exe60, class_exe66, class_exe156, class_exe157, class_exe161, class_exe163, class_exe167, class_exe169, class_exe177, class_exe72, class_exe154, class_exe180

