# Topology: 4x4
# Cardinality (q): 1
# Tmin: 0.300000011921
# Tmax: 14.0
# Number of iterations: 30.0

#####################################
Repetição do experimento: 0

----------Partition----------
Cluster (0,0)
Prototypes: [class_exe62]
Number of elements: 16
Elements: class_exe13, class_exe85, class_exe89, class_exe100, class_exe52, class_exe62, class_exe35, class_exe39, class_exe80, class_exe86, class_exe19, class_exe47, class_exe75, class_exe97, class_exe107, class_exe139

Cluster (0,1)
Prototypes: [class_exe18]
Number of elements: 13
Elements: class_exe95, class_exe162, class_exe163, class_exe27, class_exe33, class_exe55, class_exe148, class_exe149, class_exe18, class_exe10, class_exe26, class_exe28, class_exe112

Cluster (0,2)
Prototypes: [class_exe106]
Number of elements: 51
Elements: class_exe20, class_exe37, class_exe74, class_exe120, class_exe160, class_exe0, class_exe14, class_exe21, class_exe22, class_exe40, class_exe50, class_exe53, class_exe56, class_exe58, class_exe60, class_exe66, class_exe68, class_exe126, class_exe133, class_exe138, class_exe140, class_exe151, class_exe154, class_exe156, class_exe157, class_exe161, class_exe165, class_exe167, class_exe168, class_exe169, class_exe177, class_exe180, class_exe183, class_exe184, class_exe9, class_exe11, class_exe16, class_exe29, class_exe54, class_exe61, class_exe71, class_exe72, class_exe106, class_exe124, class_exe125, class_exe128, class_exe130, class_exe143, class_exe147, class_exe152, class_exe166

Cluster (0,3)
Prototypes: [class_exe31]
Number of elements: 53
Elements: class_exe153, class_exe155, class_exe158, class_exe164, class_exe170, class_exe171, class_exe172, class_exe176, class_exe179, class_exe181, class_exe182, class_exe48, class_exe70, class_exe131, class_exe150, class_exe178, class_exe42, class_exe51, class_exe144, class_exe76, class_exe34, class_exe78, class_exe141, class_exe31, class_exe114, class_exe12, class_exe73, class_exe145, class_exe92, class_exe188, class_exe44, class_exe15, class_exe69, class_exe122, class_exe132, class_exe17, class_exe65, class_exe118, class_exe123, class_exe129, class_exe135, class_exe136, class_exe212, class_exe214, class_exe119, class_exe57, class_exe67, class_exe109, class_exe110, class_exe115, class_exe134, class_exe116, class_exe142

Cluster (1,0)
Prototypes: [class_exe114]
Number of elements: 0
Elements

Cluster (1,1)
Prototypes: [class_exe155]
Number of elements: 1
Elements: class_exe2

Cluster (1,2)
Prototypes: [class_exe3]
Number of elements: 21
Elements: class_exe3, class_exe4, class_exe8, class_exe24, class_exe41, class_exe45, class_exe63, class_exe77, class_exe108, class_exe111, class_exe117, class_exe174, class_exe175, class_exe5, class_exe6, class_exe7, class_exe30, class_exe43, class_exe49, class_exe64, class_exe98

Cluster (1,3)
Prototypes: [class_exe84]
Number of elements: 34
Elements: class_exe46, class_exe83, class_exe102, class_exe121, class_exe81, class_exe104, class_exe105, class_exe32, class_exe59, class_exe79, class_exe84, class_exe88, class_exe90, class_exe93, class_exe96, class_exe113, class_exe127, class_exe137, class_exe146, class_exe210, class_exe213, class_exe1, class_exe23, class_exe25, class_exe36, class_exe101, class_exe159, class_exe82, class_exe87, class_exe91, class_exe94, class_exe99, class_exe173, class_exe187

Cluster (2,0)
Prototypes: [class_exe211]
Number of elements: 3
Elements: class_exe211, class_exe199, class_exe202

Cluster (2,1)
Prototypes: [class_exe156]
Number of elements: 0
Elements

Cluster (2,2)
Prototypes: [class_exe38]
Number of elements: 2
Elements: class_exe38, class_exe204

Cluster (2,3)
Prototypes: [class_exe103]
Number of elements: 1
Elements: class_exe103

Cluster (3,0)
Prototypes: [class_exe208]
Number of elements: 11
Elements: class_exe194, class_exe203, class_exe208, class_exe185, class_exe191, class_exe197, class_exe200, class_exe201, class_exe207, class_exe206, class_exe193

Cluster (3,1)
Prototypes: [class_exe23]
Number of elements: 0
Elements

Cluster (3,2)
Prototypes: [class_exe190]
Number of elements: 3
Elements: class_exe190, class_exe186, class_exe198

Cluster (3,3)
Prototypes: [class_exe209]
Number of elements: 6
Elements: class_exe196, class_exe205, class_exe209, class_exe192, class_exe195, class_exe189


Critério de adequação (energia): 0.509883467138
=====================================
	Confusion Matrix
Classes			 Clusters
---------------------------------------
	0,0	0,1	0,2	0,3	1,1	1,2	1,3	2,0	2,2	2,3	3,0	3,2	3,3	Total

1	16	 11	 35	 37	 1	 19	 29	 0	 1	 1	 0	 0	 0	 150
3	0	 0	 0	 3	 0	 0	 3	 3	 1	 0	 11	 3	 6	 30
2	0	 2	 16	 13	 0	 2	 2	 0	 0	 0	 0	 0	 0	 35
Total	[16 13 51 53  1 21 34  3  2  1 11  3  6]

Matriz de pesos:
Cluster (0,0): 0.00197221524751 0.00236602296122 0.00484044018308 0.0407936859674 0.950027635641
Cluster (0,1): 0.00155511546369 0.00344369854227 0.00523081214056 0.216264416621 0.773505957232
Cluster (0,2): 0.000875408536479 0.000767944761606 0.000292996048859 0.964683626888 0.033380023765
Cluster (0,3): 0.000434581322551 0.00067956528136 0.000440667163959 0.985677072375 0.0127681138573
Cluster (1,0): 0.0229943898501 0.0767890704529 0.0786656517766 0.245569393526 0.575981494394
Cluster (1,1): 0.000477262676736 0.00138644846741 0.000154030170901 0.873868405272 0.124113853413
Cluster (1,2): 0.000942877908386 0.000170997141488 0.00670073185267 0.986019003926 0.00616638917151
Cluster (1,3): 0.00323060351739 0.00589932225135 0.00773983061421 0.976256391976 0.00687385164152
Cluster (2,0): 0.0143017145107 0.0526967532521 0.868429489037 0.00414084033657 0.0604312028637
Cluster (2,1): 0.622246883812 0.0181453584284 0.0150583343634 0.0936496560225 0.250899767374
Cluster (2,2): 0.0067065649393 0.0249736131287 0.901421860306 0.0542196238677 0.0126783377586
Cluster (2,3): 0.0925597285442 0.224630321991 0.522610385582 0.140274894872 0.0199246690109
Cluster (3,0): 0.0194734024213 0.671516999234 0.295478408683 0.00220273754682 0.0113284521147
Cluster (3,1): 0.0805158787039 0.255395413553 0.547359901046 0.0235410134139 0.0931877932837
Cluster (3,2): 0.00792740180181 0.296070852944 0.407421034951 0.286326449081 0.00225426122197
Cluster (3,3): 0.291729870839 0.393150581846 0.291141480808 0.0203747240264 0.00360334248068

Corrected Rand index: 0.288732390478
F-measure(P,Q): 0.389770324396
OERC: 0.195348837209
Erro Topográfico: 0.246511627907

#####################################
Repetição do experimento: 1

----------Partition----------
Cluster (0,0)
Prototypes: [class_exe75]
Number of elements: 85
Elements: class_exe0, class_exe2, class_exe9, class_exe11, class_exe12, class_exe14, class_exe15, class_exe17, class_exe18, class_exe20, class_exe24, class_exe26, class_exe28, class_exe29, class_exe31, class_exe34, class_exe39, class_exe42, class_exe44, class_exe48, class_exe51, class_exe54, class_exe57, class_exe58, class_exe65, class_exe67, class_exe69, class_exe70, class_exe73, class_exe75, class_exe76, class_exe78, class_exe92, class_exe97, class_exe107, class_exe108, class_exe109, class_exe110, class_exe111, class_exe112, class_exe114, class_exe115, class_exe117, class_exe118, class_exe122, class_exe123, class_exe124, class_exe125, class_exe128, class_exe129, class_exe131, class_exe132, class_exe133, class_exe134, class_exe135, class_exe136, class_exe138, class_exe140, class_exe141, class_exe142, class_exe143, class_exe144, class_exe145, class_exe147, class_exe150, class_exe151, class_exe152, class_exe153, class_exe155, class_exe164, class_exe166, class_exe171, class_exe172, class_exe174, class_exe175, class_exe176, class_exe178, class_exe179, class_exe181, class_exe182, class_exe183, class_exe188, class_exe212, class_exe214, class_exe119

Cluster (0,1)
Prototypes: [class_exe120]
Number of elements: 36
Elements: class_exe22, class_exe38, class_exe52, class_exe53, class_exe55, class_exe60, class_exe160, class_exe161, class_exe162, class_exe163, class_exe168, class_exe16, class_exe21, class_exe37, class_exe40, class_exe50, class_exe56, class_exe61, class_exe66, class_exe68, class_exe71, class_exe72, class_exe74, class_exe106, class_exe120, class_exe126, class_exe130, class_exe154, class_exe156, class_exe157, class_exe165, class_exe167, class_exe169, class_exe177, class_exe180, class_exe184

Cluster (0,2)
Prototypes: [class_exe94]
Number of elements: 44
Elements: class_exe101, class_exe36, class_exe82, class_exe83, class_exe88, class_exe99, class_exe102, class_exe6, class_exe10, class_exe25, class_exe43, class_exe46, class_exe59, class_exe62, class_exe79, class_exe84, class_exe87, class_exe90, class_exe94, class_exe104, class_exe105, class_exe137, class_exe139, class_exe187, class_exe27, class_exe49, class_exe93, class_exe113, class_exe146, class_exe158, class_exe159, class_exe173, class_exe210, class_exe4, class_exe7, class_exe8, class_exe35, class_exe41, class_exe45, class_exe63, class_exe64, class_exe95, class_exe98, class_exe170

Cluster (0,3)
Prototypes: [class_exe100]
Number of elements: 15
Elements: class_exe103, class_exe85, class_exe121, class_exe32, class_exe81, class_exe86, class_exe89, class_exe91, class_exe100, class_exe127, class_exe1, class_exe23, class_exe80, class_exe96, class_exe213

Cluster (1,0)
Prototypes: [class_exe135]
Number of elements: 0
Elements

Cluster (1,1)
Prototypes: [class_exe3]
Number of elements: 8
Elements: class_exe3, class_exe77, class_exe149, class_exe19, class_exe30, class_exe33, class_exe47, class_exe116

Cluster (1,2)
Prototypes: [class_exe86]
Number of elements: 0
Elements

Cluster (1,3)
Prototypes: [class_exe62]
Number of elements: 0
Elements

Cluster (2,0)
Prototypes: [class_exe21]
Number of elements: 0
Elements

Cluster (2,1)
Prototypes: [class_exe195]
Number of elements: 1
Elements: class_exe202

Cluster (2,2)
Prototypes: [class_exe211]
Number of elements: 4
Elements: class_exe211, class_exe205, class_exe192, class_exe204

Cluster (2,3)
Prototypes: [class_exe207]
Number of elements: 1
Elements: class_exe199

Cluster (3,0)
Prototypes: [class_exe13]
Number of elements: 1
Elements: class_exe13

Cluster (3,1)
Prototypes: [class_exe148]
Number of elements: 5
Elements: class_exe186, class_exe196, class_exe190, class_exe5, class_exe148

Cluster (3,2)
Prototypes: [class_exe209]
Number of elements: 4
Elements: class_exe195, class_exe198, class_exe209, class_exe189

Cluster (3,3)
Prototypes: [class_exe193]
Number of elements: 11
Elements: class_exe194, class_exe203, class_exe206, class_exe207, class_exe208, class_exe185, class_exe193, class_exe191, class_exe197, class_exe200, class_exe201


Critério de adequação (energia): 0.501569984404
=====================================
	Confusion Matrix
Classes			 Clusters
---------------------------------------
	0,0	0,1	0,2	0,3	1,1	2,1	2,2	2,3	3,0	3,1	3,2	3,3	Total

1	65	 22	 38	 14	 8	 0	 0	 0	 1	 2	 0	 0	 150
3	3	 0	 2	 1	 0	 1	 4	 1	 0	 3	 4	 11	 30
2	17	 14	 4	 0	 0	 0	 0	 0	 0	 0	 0	 0	 35
Total	[85 36 44 15  8  1  4  1  1  5  4 11]

Matriz de pesos:
Cluster (0,0): 0.000711704466229 0.000718255426519 0.000487808169431 0.983890282047 0.0141919498907
Cluster (0,1): 0.000914959706114 0.000517160357858 0.000374443402272 0.964147736989 0.0340456995446
Cluster (0,2): 0.00126213136376 0.000816807184018 0.00113419205572 0.993298640466 0.0034882289304
Cluster (0,3): 0.00471690372659 0.00455752398455 0.00498949789976 0.976276688965 0.00945938542413
Cluster (1,0): 0.000805853035866 0.000759322712466 0.00065456299748 0.991256210187 0.00652405106713
Cluster (1,1): 0.00204204926652 0.0025408760368 0.00470034211323 0.646186720672 0.344530011912
Cluster (1,2): 0.0243925479986 0.0361349097391 0.0439258616384 0.815963941759 0.0795827388651
Cluster (1,3): 0.0146061449524 0.0241448361777 0.0563107956976 0.854411660198 0.050526562974
Cluster (2,0): 0.0874143583539 0.226878203986 0.247497755338 0.172256469559 0.265953212763
Cluster (2,1): 0.0312690796031 0.651502643841 0.298239665402 0.0177031529564 0.0012854581977
Cluster (2,2): 0.0086592775055 0.847414107804 0.12288184673 0.0194263238201 0.00161844414055
Cluster (2,3): 0.0168434001832 0.589646757026 0.373361832933 0.00162773139553 0.0185202784617
Cluster (3,0): 0.0294270124043 0.307025370273 0.58094214785 0.0764562992849 0.00614917018788
Cluster (3,1): 0.00324006346906 0.845644595194 0.143659771447 0.00629268895216 0.00116288093853
Cluster (3,2): 0.26814798504 0.466650917066 0.251345292179 0.0107708096094 0.00308499610565
Cluster (3,3): 0.0308621249867 0.731675248067 0.227268853368 0.00369837107551 0.00649540250213

Corrected Rand index: 0.391891119363
F-measure(P,Q): 0.525019075727
OERC: 0.2
Erro Topográfico: 0.106976744186

#####################################
Repetição do experimento: 2

----------Partition----------
Cluster (0,0)
Prototypes: [class_exe81]
Number of elements: 22
Elements: class_exe85, class_exe23, class_exe81, class_exe89, class_exe100, class_exe102, class_exe82, class_exe91, class_exe101, class_exe121, class_exe83, class_exe99, class_exe32, class_exe80, class_exe86, class_exe88, class_exe127, class_exe137, class_exe1, class_exe96, class_exe103, class_exe213

Cluster (0,1)
Prototypes: [class_exe63]
Number of elements: 20
Elements: class_exe6, class_exe35, class_exe41, class_exe45, class_exe49, class_exe62, class_exe63, class_exe64, class_exe104, class_exe105, class_exe108, class_exe111, class_exe4, class_exe7, class_exe8, class_exe30, class_exe98, class_exe59, class_exe77, class_exe95

Cluster (0,2)
Prototypes: [class_exe63]
Number of elements: 0
Elements

Cluster (0,3)
Prototypes: [class_exe208]
Number of elements: 12
Elements: class_exe191, class_exe199, class_exe200, class_exe203, class_exe208, class_exe185, class_exe193, class_exe194, class_exe197, class_exe206, class_exe207, class_exe201

Cluster (1,0)
Prototypes: [class_exe94]
Number of elements: 21
Elements: class_exe25, class_exe27, class_exe79, class_exe87, class_exe94, class_exe159, class_exe187, class_exe210, class_exe10, class_exe43, class_exe90, class_exe93, class_exe113, class_exe139, class_exe146, class_exe158, class_exe170, class_exe173, class_exe36, class_exe46, class_exe84

Cluster (1,1)
Prototypes: [class_exe95]
Number of elements: 0
Elements

Cluster (1,2)
Prototypes: [class_exe211]
Number of elements: 1
Elements: class_exe211

Cluster (1,3)
Prototypes: [class_exe163]
Number of elements: 0
Elements

Cluster (2,0)
Prototypes: [class_exe120]
Number of elements: 37
Elements: class_exe22, class_exe38, class_exe52, class_exe53, class_exe55, class_exe60, class_exe148, class_exe156, class_exe157, class_exe160, class_exe161, class_exe162, class_exe163, class_exe168, class_exe169, class_exe16, class_exe21, class_exe37, class_exe40, class_exe50, class_exe56, class_exe61, class_exe66, class_exe68, class_exe71, class_exe72, class_exe74, class_exe106, class_exe120, class_exe126, class_exe130, class_exe154, class_exe165, class_exe167, class_exe177, class_exe180, class_exe184

Cluster (2,1)
Prototypes: [class_exe18]
Number of elements: 16
Elements: class_exe18, class_exe78, class_exe175, class_exe2, class_exe19, class_exe24, class_exe47, class_exe48, class_exe51, class_exe76, class_exe110, class_exe114, class_exe116, class_exe131, class_exe141, class_exe174

Cluster (2,2)
Prototypes: [class_exe13]
Number of elements: 1
Elements: class_exe13

Cluster (2,3)
Prototypes: [class_exe196]
Number of elements: 2
Elements: class_exe196, class_exe202

Cluster (3,0)
Prototypes: [class_exe75]
Number of elements: 67
Elements: class_exe153, class_exe155, class_exe164, class_exe166, class_exe171, class_exe172, class_exe176, class_exe179, class_exe181, class_exe182, class_exe183, class_exe26, class_exe39, class_exe178, class_exe150, class_exe12, class_exe11, class_exe67, class_exe147, class_exe0, class_exe70, class_exe20, class_exe28, class_exe109, class_exe151, class_exe188, class_exe9, class_exe31, class_exe58, class_exe107, class_exe124, class_exe125, class_exe152, class_exe15, class_exe29, class_exe34, class_exe42, class_exe54, class_exe57, class_exe69, class_exe75, class_exe92, class_exe115, class_exe122, class_exe129, class_exe134, class_exe138, class_exe140, class_exe143, class_exe212, class_exe14, class_exe17, class_exe44, class_exe73, class_exe97, class_exe112, class_exe118, class_exe123, class_exe132, class_exe133, class_exe135, class_exe136, class_exe142, class_exe145, class_exe128, class_exe65, class_exe119

Cluster (3,1)
Prototypes: [class_exe117]
Number of elements: 7
Elements: class_exe3, class_exe33, class_exe149, class_exe214, class_exe5, class_exe117, class_exe144

Cluster (3,2)
Prototypes: [class_exe190]
Number of elements: 1
Elements: class_exe190

Cluster (3,3)
Prototypes: [class_exe198]
Number of elements: 8
Elements: class_exe186, class_exe192, class_exe195, class_exe198, class_exe209, class_exe204, class_exe189, class_exe205


Critério de adequação (energia): 0.475147108036
=====================================
	Confusion Matrix
Classes			 Clusters
---------------------------------------
	0,0	0,1	0,3	1,0	1,2	2,0	2,1	2,2	2,3	3,0	3,1	3,2	3,3	Total

1	21	 20	 0	 15	 0	 23	 14	 1	 0	 50	 6	 0	 0	 150
3	1	 0	 12	 2	 1	 0	 0	 0	 2	 2	 1	 1	 8	 30
2	0	 0	 0	 4	 0	 14	 2	 0	 0	 15	 0	 0	 0	 35
Total	[22 20 12 21  1 37 16  1  2 67  7  1  8]

Matriz de pesos:
Cluster (0,0): 0.000711664921857 0.0043116591571 0.0121436284795 0.974565068601 0.00826797884041
Cluster (0,1): 0.000943034785133 0.00149515519315 0.00286552321242 0.993852803794 0.00084348301535
Cluster (0,2): 0.214440634458 0.105814830832 0.480949108218 0.0218081274986 0.176987298994
Cluster (0,3): 0.0212769964928 0.65189419018 0.312194657659 0.0023537191529 0.012280436515
Cluster (1,0): 0.00063322678908 0.00043187251688 0.000508561719276 0.995674134941 0.00275220403414
Cluster (1,1): 0.00716181004919 0.00891650261189 0.0067747447344 0.9461089304 0.0310380122041
Cluster (1,2): 0.0317220784602 0.173782721497 0.190505661907 0.226339293559 0.377650244576
Cluster (1,3): 0.1060470561 0.0327917443509 0.720725061053 0.023573484411 0.116862654085
Cluster (2,0): 0.000856384580395 0.000483066372242 0.000349725365175 0.96572472681 0.0325860968721
Cluster (2,1): 0.000733550438609 0.00106203334345 0.0101093858663 0.932023305676 0.056071724676
Cluster (2,2): 0.059096697263 0.10241323197 0.360929403067 0.418347871861 0.0592127958394
Cluster (2,3): 0.495159993898 0.206866188164 0.115777340754 0.163156986224 0.0190394909603
Cluster (3,0): 0.000497488026197 0.000486600947288 0.000312099571777 0.987069652029 0.0116341594258
Cluster (3,1): 0.00107949667064 0.00884379583571 0.00868077430061 0.96990938959 0.011486543603
Cluster (3,2): 0.00846602481513 0.442282744163 0.503957008871 0.037615513957 0.00767870819438
Cluster (3,3): 0.558383930515 0.28870689076 0.124225135861 0.0267119919385 0.00197205092537

Corrected Rand index: 0.299579907148
F-measure(P,Q): 0.464550661475
OERC: 0.190697674419
Erro Topográfico: 0.13023255814

#####################################
Repetição do experimento: 3

----------Partition----------
Cluster (0,0)
Prototypes: [class_exe208]
Number of elements: 11
Elements: class_exe185, class_exe191, class_exe193, class_exe194, class_exe197, class_exe199, class_exe200, class_exe203, class_exe206, class_exe207, class_exe208

Cluster (0,1)
Prototypes: [class_exe205]
Number of elements: 6
Elements: class_exe201, class_exe190, class_exe211, class_exe202, class_exe205, class_exe192

Cluster (0,2)
Prototypes: [class_exe111]
Number of elements: 0
Elements

Cluster (0,3)
Prototypes: [class_exe23]
Number of elements: 25
Elements: class_exe213, class_exe137, class_exe32, class_exe79, class_exe88, class_exe121, class_exe23, class_exe81, class_exe82, class_exe83, class_exe84, class_exe91, class_exe101, class_exe103, class_exe86, class_exe102, class_exe46, class_exe80, class_exe96, class_exe99, class_exe100, class_exe25, class_exe127, class_exe1, class_exe36

Cluster (1,0)
Prototypes: [class_exe198]
Number of elements: 4
Elements: class_exe186, class_exe198, class_exe189, class_exe204

Cluster (1,1)
Prototypes: [class_exe196]
Number of elements: 3
Elements: class_exe196, class_exe209, class_exe195

Cluster (1,2)
Prototypes: [class_exe55]
Number of elements: 1
Elements: class_exe55

Cluster (1,3)
Prototypes: [class_exe78]
Number of elements: 7
Elements: class_exe18, class_exe78, class_exe19, class_exe24, class_exe47, class_exe76, class_exe119

Cluster (2,0)
Prototypes: [class_exe1]
Number of elements: 0
Elements

Cluster (2,1)
Prototypes: [class_exe122]
Number of elements: 0
Elements

Cluster (2,2)
Prototypes: [class_exe6]
Number of elements: 15
Elements: class_exe27, class_exe87, class_exe104, class_exe105, class_exe146, class_exe210, class_exe6, class_exe43, class_exe49, class_exe59, class_exe62, class_exe94, class_exe113, class_exe139, class_exe187

Cluster (2,3)
Prototypes: [class_exe111]
Number of elements: 41
Elements: class_exe77, class_exe4, class_exe5, class_exe7, class_exe8, class_exe35, class_exe41, class_exe111, class_exe117, class_exe214, class_exe2, class_exe3, class_exe10, class_exe33, class_exe45, class_exe63, class_exe64, class_exe95, class_exe98, class_exe108, class_exe131, class_exe159, class_exe175, class_exe30, class_exe48, class_exe51, class_exe90, class_exe93, class_exe110, class_exe114, class_exe116, class_exe141, class_exe144, class_exe149, class_exe170, class_exe173, class_exe174, class_exe153, class_exe158, class_exe178, class_exe155

Cluster (3,0)
Prototypes: [class_exe13]
Number of elements: 4
Elements: class_exe13, class_exe85, class_exe89, class_exe142

Cluster (3,1)
Prototypes: [class_exe52]
Number of elements: 1
Elements: class_exe52

Cluster (3,2)
Prototypes: [class_exe132]
Number of elements: 46
Elements: class_exe134, class_exe57, class_exe75, class_exe132, class_exe15, class_exe31, class_exe42, class_exe65, class_exe67, class_exe109, class_exe115, class_exe118, class_exe135, class_exe136, class_exe145, class_exe12, class_exe17, class_exe20, class_exe26, class_exe28, class_exe29, class_exe34, class_exe44, class_exe69, class_exe70, class_exe73, class_exe92, class_exe97, class_exe107, class_exe112, class_exe122, class_exe123, class_exe125, class_exe129, class_exe143, class_exe150, class_exe152, class_exe164, class_exe171, class_exe172, class_exe176, class_exe179, class_exe181, class_exe182, class_exe188, class_exe212

Cluster (3,3)
Prototypes: [class_exe106]
Number of elements: 51
Elements: class_exe160, class_exe169, class_exe183, class_exe56, class_exe154, class_exe157, class_exe161, class_exe162, class_exe163, class_exe166, class_exe167, class_exe180, class_exe156, class_exe39, class_exe61, class_exe106, class_exe9, class_exe124, class_exe126, class_exe60, class_exe138, class_exe130, class_exe0, class_exe54, class_exe71, class_exe72, class_exe11, class_exe38, class_exe147, class_exe14, class_exe40, class_exe53, class_exe66, class_exe16, class_exe21, class_exe22, class_exe37, class_exe50, class_exe58, class_exe74, class_exe120, class_exe128, class_exe133, class_exe140, class_exe148, class_exe151, class_exe165, class_exe168, class_exe177, class_exe184, class_exe68


Critério de adequação (energia): 0.49990368678
=====================================
	Confusion Matrix
Classes			 Clusters
---------------------------------------
	0,0	0,1	0,3	1,0	1,1	1,2	1,3	2,2	2,3	3,0	3,1	3,2	3,3	Total

1	0	 0	 24	 0	 0	 1	 7	 13	 31	 4	 1	 35	 34	 150
3	11	 6	 1	 4	 3	 0	 0	 2	 1	 0	 0	 2	 0	 30
2	0	 0	 0	 0	 0	 0	 0	 0	 9	 0	 0	 9	 17	 35
Total	[11  6 25  4  3  1  7 15 41  4  1 46 51]

Matriz de pesos:
Cluster (0,0): 0.017392671402 0.517351159778 0.453947456326 0.00193386719884 0.00937484529502
Cluster (0,1): 0.0314145128403 0.458686458306 0.362541731958 0.13620844366 0.0111488532349
Cluster (0,2): 0.0594712626095 0.100277121077 0.392395682037 0.345565760154 0.102290174122
Cluster (0,3): 0.00165406242908 0.00328075541138 0.00855580868991 0.978767832519 0.00774154095031
Cluster (1,0): 0.644524063553 0.198417444082 0.137527177123 0.0179920646313 0.00153925061103
Cluster (1,1): 0.0626236905093 0.113479888367 0.780175486284 0.0429147264967 0.00080620834321
Cluster (1,2): 0.30974503711 0.10612228947 0.258853114404 0.302240225163 0.023039333854
Cluster (1,3): 0.00164392101753 0.00211724564659 0.00703242663784 0.976838439 0.0123679676985
Cluster (2,0): 0.640089565969 0.158624819401 0.131553422548 0.058711450428 0.0110207416539
Cluster (2,1): 0.557177797555 0.151942133536 0.126344293027 0.155107104601 0.00942867128162
Cluster (2,2): 0.000692905403291 0.000739488014275 0.00109709031591 0.996563358353 0.000907157913083
Cluster (2,3): 0.000321218855034 0.000529241400314 0.000495023229931 0.993124790727 0.00552972578724
Cluster (3,0): 0.00680096301257 0.00100820685868 0.0158666120892 0.0095296506304 0.966794567409
Cluster (3,1): 0.0235857701041 0.0483091131695 0.129565471216 0.311978194687 0.486561450824
Cluster (3,2): 0.000453109841495 0.000976335727366 0.00116504001715 0.988134582575 0.0092709318393
Cluster (3,3): 0.00110373205288 0.00118728913856 0.00044562106129 0.968363121946 0.0289002358009

Corrected Rand index: 0.289158143267
F-measure(P,Q): 0.388400924881
OERC: 0.190697674419
Erro Topográfico: 0.339534883721

#####################################
Repetição do experimento: 4

----------Partition----------
Cluster (0,0)
Prototypes: [class_exe205]
Number of elements: 16
Elements: class_exe199, class_exe185, class_exe189, class_exe192, class_exe193, class_exe194, class_exe195, class_exe198, class_exe202, class_exe203, class_exe204, class_exe205, class_exe206, class_exe207, class_exe201, class_exe211

Cluster (0,1)
Prototypes: [class_exe196]
Number of elements: 2
Elements: class_exe196, class_exe209

Cluster (0,2)
Prototypes: [class_exe93]
Number of elements: 0
Elements

Cluster (0,3)
Prototypes: [class_exe82]
Number of elements: 23
Elements: class_exe23, class_exe91, class_exe32, class_exe81, class_exe82, class_exe83, class_exe102, class_exe46, class_exe101, class_exe137, class_exe213, class_exe79, class_exe80, class_exe84, class_exe88, class_exe96, class_exe99, class_exe127, class_exe210, class_exe1, class_exe25, class_exe36, class_exe158

Cluster (1,0)
Prototypes: [class_exe91]
Number of elements: 3
Elements: class_exe103, class_exe190, class_exe186

Cluster (1,1)
Prototypes: [class_exe197]
Number of elements: 2
Elements: class_exe197, class_exe208

Cluster (1,2)
Prototypes: [class_exe167]
Number of elements: 0
Elements

Cluster (1,3)
Prototypes: [class_exe62]
Number of elements: 31
Elements: class_exe87, class_exe173, class_exe187, class_exe6, class_exe7, class_exe27, class_exe43, class_exe59, class_exe62, class_exe64, class_exe90, class_exe104, class_exe113, class_exe139, class_exe146, class_exe159, class_exe4, class_exe8, class_exe10, class_exe35, class_exe41, class_exe45, class_exe63, class_exe93, class_exe94, class_exe95, class_exe98, class_exe105, class_exe170, class_exe49, class_exe77

Cluster (2,0)
Prototypes: [class_exe100]
Number of elements: 4
Elements: class_exe52, class_exe100, class_exe191, class_exe200

Cluster (2,1)
Prototypes: [class_exe163]
Number of elements: 0
Elements

Cluster (2,2)
Prototypes: [class_exe157]
Number of elements: 17
Elements: class_exe22, class_exe148, class_exe162, class_exe21, class_exe120, class_exe157, class_exe160, class_exe163, class_exe168, class_exe177, class_exe184, class_exe50, class_exe156, class_exe161, class_exe165, class_exe167, class_exe169

Cluster (2,3)
Prototypes: [class_exe31]
Number of elements: 35
Elements: class_exe31, class_exe34, class_exe42, class_exe65, class_exe67, class_exe69, class_exe75, class_exe92, class_exe109, class_exe115, class_exe123, class_exe141, class_exe142, class_exe145, class_exe150, class_exe153, class_exe155, class_exe164, class_exe171, class_exe172, class_exe176, class_exe178, class_exe179, class_exe181, class_exe182, class_exe188, class_exe15, class_exe118, class_exe119, class_exe132, class_exe134, class_exe135, class_exe136, class_exe212, class_exe214

Cluster (3,0)
Prototypes: [class_exe57]
Number of elements: 8
Elements: class_exe13, class_exe55, class_exe86, class_exe85, class_exe89, class_exe57, class_exe97, class_exe107

Cluster (3,1)
Prototypes: [class_exe121]
Number of elements: 1
Elements: class_exe121

Cluster (3,2)
Prototypes: [class_exe116]
Number of elements: 24
Elements: class_exe2, class_exe3, class_exe24, class_exe30, class_exe33, class_exe111, class_exe114, class_exe117, class_exe131, class_exe149, class_exe174, class_exe175, class_exe18, class_exe19, class_exe47, class_exe48, class_exe51, class_exe76, class_exe78, class_exe108, class_exe110, class_exe116, class_exe5, class_exe144

Cluster (3,3)
Prototypes: [class_exe0]
Number of elements: 49
Elements: class_exe154, class_exe166, class_exe180, class_exe183, class_exe0, class_exe11, class_exe26, class_exe28, class_exe29, class_exe39, class_exe40, class_exe58, class_exe71, class_exe106, class_exe112, class_exe133, class_exe147, class_exe151, class_exe152, class_exe12, class_exe54, class_exe66, class_exe72, class_exe73, class_exe9, class_exe56, class_exe61, class_exe70, class_exe126, class_exe143, class_exe14, class_exe38, class_exe53, class_exe20, class_exe128, class_exe44, class_exe125, class_exe122, class_exe140, class_exe138, class_exe124, class_exe17, class_exe60, class_exe129, class_exe16, class_exe130, class_exe37, class_exe68, class_exe74


Critério de adequação (energia): 1.0342918338
=====================================
	Confusion Matrix
Classes			 Clusters
---------------------------------------
	0,0	0,1	0,3	1,0	1,1	1,3	2,0	2,2	2,3	3,0	3,1	3,2	3,3	Total

1	0	 0	 20	 1	 0	 27	 2	 5	 21	 8	 1	 22	 43	 150
3	16	 2	 2	 2	 2	 1	 2	 0	 3	 0	 0	 0	 0	 30
2	0	 0	 1	 0	 0	 3	 0	 12	 11	 0	 0	 2	 6	 35
Total	[16  2 23  3  2 31  4 17 35  8  1 24 49]

Matriz de pesos:
Cluster (0,0): 0.129821638172 0.439120920557 0.411582038743 0.00756662801321 0.0119087745155
Cluster (0,1): 0.119048917727 0.184481954439 0.664281609886 0.0120770542574 0.0201104636907
Cluster (0,2): 0.00962009619536 0.0468264422383 0.0820843549499 0.824473161058 0.0369959455586
Cluster (0,3): 0.000836760097137 0.00216920216743 0.00438410291248 0.991189140566 0.00142079425728
Cluster (1,0): 0.00682171177264 0.345394675168 0.621697775545 0.0161953518951 0.00989048561857
Cluster (1,1): 0.139649632464 0.129485676354 0.233791613708 0.140352674549 0.356720402925
Cluster (1,2): 0.0190893359248 0.00763800001875 0.0039327621444 0.579224195269 0.390115706643
Cluster (1,3): 0.000262990427798 0.000359879157349 0.000285883354072 0.996175624886 0.00291562217481
Cluster (2,0): 0.00422406270032 0.00483411243006 0.0294763338523 0.00430018304306 0.957165307974
Cluster (2,1): 0.055970234166 0.0160257208468 0.0453018667579 0.132965245793 0.749736932436
Cluster (2,2): 0.000717583174938 0.000204166945262 0.000507780917741 0.681548311777 0.317022157185
Cluster (2,3): 7.38493608764e-05 0.000119291344389 8.79531908366e-05 0.99565061113 0.00406829497398
Cluster (3,0): 0.00138533930829 0.00142922209454 0.00327350968821 0.00209624682595 0.991815682083
Cluster (3,1): 0.023015869371 0.0566589885424 0.2679772042 0.31444387093 0.337904066956
Cluster (3,2): 0.000249205400611 0.000283547143018 0.000854207610204 0.991156387673 0.00745665217289
Cluster (3,3): 0.00080104318228 0.000904387254078 0.000478152416513 0.983143423639 0.0146729935085

Corrected Rand index: 0.287192920932
F-measure(P,Q): 0.473709451043
OERC: 0.172093023256
Erro Topográfico: 0.218604651163

#####################################
Repetição do experimento: 5

----------Partition----------
Cluster (0,0)
Prototypes: [class_exe191]
Number of elements: 12
Elements: class_exe193, class_exe194, class_exe203, class_exe206, class_exe207, class_exe185, class_exe191, class_exe197, class_exe199, class_exe200, class_exe208, class_exe201

Cluster (0,1)
Prototypes: [class_exe192]
Number of elements: 4
Elements: class_exe204, class_exe189, class_exe192, class_exe205

Cluster (0,2)
Prototypes: [class_exe195]
Number of elements: 0
Elements

Cluster (0,3)
Prototypes: [class_exe100]
Number of elements: 4
Elements: class_exe85, class_exe100, class_exe89, class_exe103

Cluster (1,0)
Prototypes: [class_exe209]
Number of elements: 6
Elements: class_exe202, class_exe195, class_exe209, class_exe211, class_exe190, class_exe198

Cluster (1,1)
Prototypes: [class_exe92]
Number of elements: 0
Elements

Cluster (1,2)
Prototypes: [class_exe142]
Number of elements: 0
Elements

Cluster (1,3)
Prototypes: [class_exe10]
Number of elements: 23
Elements: class_exe10, class_exe139, class_exe187, class_exe45, class_exe94, class_exe6, class_exe27, class_exe62, class_exe90, class_exe104, class_exe105, class_exe113, class_exe173, class_exe4, class_exe8, class_exe41, class_exe43, class_exe59, class_exe87, class_exe93, class_exe146, class_exe158, class_exe159

Cluster (2,0)
Prototypes: [class_exe210]
Number of elements: 3
Elements: class_exe196, class_exe186, class_exe210

Cluster (2,1)
Prototypes: [class_exe64]
Number of elements: 0
Elements

Cluster (2,2)
Prototypes: [class_exe102]
Number of elements: 22
Elements: class_exe36, class_exe82, class_exe86, class_exe91, class_exe101, class_exe102, class_exe121, class_exe25, class_exe46, class_exe80, class_exe83, class_exe96, class_exe127, class_exe1, class_exe79, class_exe88, class_exe213, class_exe23, class_exe84, class_exe99, class_exe137, class_exe81

Cluster (2,3)
Prototypes: [class_exe111]
Number of elements: 41
Elements: class_exe2, class_exe7, class_exe18, class_exe19, class_exe24, class_exe30, class_exe33, class_exe35, class_exe47, class_exe48, class_exe51, class_exe76, class_exe77, class_exe78, class_exe95, class_exe98, class_exe108, class_exe110, class_exe111, class_exe114, class_exe116, class_exe117, class_exe131, class_exe141, class_exe149, class_exe170, class_exe174, class_exe175, class_exe178, class_exe3, class_exe5, class_exe49, class_exe63, class_exe64, class_exe144, class_exe153, class_exe155, class_exe176, class_exe181, class_exe188, class_exe214

Cluster (3,0)
Prototypes: [class_exe32]
Number of elements: 2
Elements: class_exe13, class_exe32

Cluster (3,1)
Prototypes: [class_exe52]
Number of elements: 3
Elements: class_exe53, class_exe52, class_exe60

Cluster (3,2)
Prototypes: [class_exe132]
Number of elements: 39
Elements: class_exe15, class_exe65, class_exe67, class_exe92, class_exe115, class_exe118, class_exe123, class_exe132, class_exe134, class_exe135, class_exe136, class_exe142, class_exe12, class_exe17, class_exe20, class_exe26, class_exe28, class_exe29, class_exe31, class_exe34, class_exe42, class_exe44, class_exe57, class_exe69, class_exe70, class_exe73, class_exe75, class_exe97, class_exe109, class_exe112, class_exe119, class_exe122, class_exe125, class_exe129, class_exe143, class_exe145, class_exe179, class_exe182, class_exe212

Cluster (3,3)
Prototypes: [class_exe106]
Number of elements: 56
Elements: class_exe150, class_exe154, class_exe156, class_exe157, class_exe161, class_exe164, class_exe166, class_exe167, class_exe169, class_exe171, class_exe172, class_exe180, class_exe183, class_exe152, class_exe160, class_exe163, class_exe165, class_exe151, class_exe168, class_exe162, class_exe72, class_exe177, class_exe71, class_exe107, class_exe9, class_exe50, class_exe184, class_exe39, class_exe106, class_exe11, class_exe38, class_exe40, class_exe58, class_exe120, class_exe130, class_exe138, class_exe140, class_exe147, class_exe0, class_exe14, class_exe21, class_exe22, class_exe56, class_exe61, class_exe66, class_exe68, class_exe128, class_exe133, class_exe16, class_exe37, class_exe74, class_exe124, class_exe126, class_exe148, class_exe54, class_exe55


Critério de adequação (energia): 0.462651657617
=====================================
	Confusion Matrix
Classes			 Clusters
---------------------------------------
	0,0	0,1	0,3	1,0	1,3	2,0	2,2	2,3	3,0	3,1	3,2	3,3	Total

1	0	 0	 4	 0	 19	 0	 21	 31	 2	 3	 36	 34	 150
3	12	 4	 0	 6	 1	 3	 1	 2	 0	 0	 1	 0	 30
2	0	 0	 0	 0	 3	 0	 0	 8	 0	 0	 2	 22	 35
Total	[12  4  4  6 23  3 22 41  2  3 39 56]

Matriz de pesos:
Cluster (0,0): 0.0403274363214 0.58938987803 0.360960743624 0.00202953899273 0.00729240303151
Cluster (0,1): 0.114657962645 0.700164222391 0.174023340498 0.0102121839531 0.000942290512576
Cluster (0,2): 0.11643096043 0.12888327901 0.71834624094 0.0339616332095 0.00237788641028
Cluster (0,3): 0.240354988712 0.00483594063472 0.0583446316735 0.439910920842 0.256553518138
Cluster (1,0): 0.0182269156218 0.667274506697 0.28792116642 0.024940497231 0.00163691403114
Cluster (1,1): 0.23872725559 0.163372742691 0.52074807255 0.0665802905484 0.0105716386205
Cluster (1,2): 0.0367069858054 0.0168840964366 0.0265770679234 0.845444631165 0.0743872186697
Cluster (1,3): 0.000611285560565 8.28287648599e-05 0.000232611015802 0.994466270606 0.00460700405284
Cluster (2,0): 0.0118874296755 0.866368676214 0.104901011281 0.0129103442323 0.00393253859692
Cluster (2,1): 0.0716266156561 0.179538563568 0.366659565755 0.330117215713 0.0520580393083
Cluster (2,2): 0.00191871151436 0.0015098878447 0.00362195518535 0.988642122927 0.00430732252827
Cluster (2,3): 0.000278496517257 0.000482500635502 0.000434123444188 0.994004393174 0.00480048622866
Cluster (3,0): 0.002396443488 0.68728813741 0.235695883883 0.0623719298652 0.0122476053541
Cluster (3,1): 0.00122982754942 0.431743522272 0.0127823786935 0.533998445626 0.0202458258595
Cluster (3,2): 0.0014180168703 0.0038624209193 0.00218666587766 0.98039465783 0.0121382385028
Cluster (3,3): 0.0012114758602 0.00132833689524 0.000492414795665 0.963251193198 0.0337165792508

Corrected Rand index: 0.302202639354
F-measure(P,Q): 0.424226935855
OERC: 0.186046511628
Erro Topográfico: 0.195348837209

#####################################
Repetição do experimento: 6

----------Partition----------
Cluster (0,0)
Prototypes: [class_exe39]
Number of elements: 53
Elements: class_exe166, class_exe167, class_exe180, class_exe183, class_exe12, class_exe14, class_exe39, class_exe40, class_exe44, class_exe71, class_exe72, class_exe73, class_exe128, class_exe154, class_exe11, class_exe147, class_exe26, class_exe28, class_exe56, class_exe143, class_exe0, class_exe58, class_exe70, class_exe9, class_exe68, class_exe106, class_exe107, class_exe151, class_exe152, class_exe29, class_exe122, class_exe125, class_exe133, class_exe61, class_exe130, class_exe138, class_exe140, class_exe54, class_exe97, class_exe112, class_exe124, class_exe17, class_exe129, class_exe16, class_exe37, class_exe74, class_exe126, class_exe66, class_exe150, class_exe164, class_exe172, class_exe179, class_exe182

Cluster (0,1)
Prototypes: [class_exe148]
Number of elements: 21
Elements: class_exe22, class_exe148, class_exe21, class_exe38, class_exe52, class_exe53, class_exe60, class_exe120, class_exe162, class_exe160, class_exe163, class_exe168, class_exe156, class_exe157, class_exe161, class_exe169, class_exe50, class_exe55, class_exe165, class_exe177, class_exe184

Cluster (0,2)
Prototypes: [class_exe118]
Number of elements: 8
Elements: class_exe75, class_exe118, class_exe136, class_exe15, class_exe109, class_exe115, class_exe132, class_exe135

Cluster (0,3)
Prototypes: [class_exe82]
Number of elements: 23
Elements: class_exe79, class_exe84, class_exe32, class_exe23, class_exe210, class_exe82, class_exe88, class_exe213, class_exe81, class_exe137, class_exe25, class_exe46, class_exe83, class_exe1, class_exe96, class_exe127, class_exe99, class_exe102, class_exe91, class_exe80, class_exe101, class_exe121, class_exe100

Cluster (1,0)
Prototypes: [class_exe78]
Number of elements: 48
