# Topology: 3x5
# Cardinality (q): 1
# Tmin: 0.300000011921
# Tmax: 10.0
# Number of iterations: 50.0

#####################################
Repetição do experimento: 0

----------Partition----------
Cluster (0,0)
Prototypes: [class_exe102]
Number of elements: 32
Elements: class_exe79, class_exe32, class_exe137, class_exe84, class_exe213, class_exe210, class_exe1, class_exe23, class_exe25, class_exe36, class_exe46, class_exe81, class_exe88, class_exe89, class_exe91, class_exe127, class_exe80, class_exe82, class_exe83, class_exe85, class_exe86, class_exe94, class_exe96, class_exe99, class_exe100, class_exe101, class_exe102, class_exe121, class_exe87, class_exe187, class_exe173, class_exe158

Cluster (0,1)
Prototypes: [class_exe18]
Number of elements: 4
Elements: class_exe18, class_exe24, class_exe47, class_exe78

Cluster (0,2)
Prototypes: [class_exe13]
Number of elements: 1
Elements: class_exe13

Cluster (0,3)
Prototypes: [class_exe124]
Number of elements: 4
Elements: class_exe196, class_exe186, class_exe103, class_exe190

Cluster (0,4)
Prototypes: [class_exe205]
Number of elements: 6
Elements: class_exe192, class_exe204, class_exe205, class_exe189, class_exe201, class_exe211

Cluster (1,0)
Prototypes: [class_exe31]
Number of elements: 15
Elements: class_exe31, class_exe42, class_exe134, class_exe142, class_exe145, class_exe34, class_exe65, class_exe67, class_exe69, class_exe92, class_exe123, class_exe176, class_exe181, class_exe188, class_exe212

Cluster (1,1)
Prototypes: [class_exe111]
Number of elements: 51
Elements: class_exe114, class_exe2, class_exe3, class_exe19, class_exe30, class_exe33, class_exe48, class_exe51, class_exe110, class_exe116, class_exe131, class_exe149, class_exe175, class_exe4, class_exe5, class_exe8, class_exe35, class_exe41, class_exe45, class_exe63, class_exe76, class_exe77, class_exe95, class_exe98, class_exe108, class_exe111, class_exe117, class_exe141, class_exe144, class_exe153, class_exe170, class_exe174, class_exe178, class_exe214, class_exe7, class_exe49, class_exe64, class_exe155, class_exe6, class_exe10, class_exe27, class_exe59, class_exe62, class_exe90, class_exe93, class_exe104, class_exe105, class_exe113, class_exe139, class_exe146, class_exe159

Cluster (1,2)
Prototypes: [class_exe164]
Number of elements: 0
Elements

Cluster (1,3)
Prototypes: [class_exe177]
Number of elements: 0
Elements

Cluster (1,4)
Prototypes: [class_exe209]
Number of elements: 4
Elements: class_exe195, class_exe202, class_exe209, class_exe198

Cluster (2,0)
Prototypes: [class_exe120]
Number of elements: 52
Elements: class_exe71, class_exe72, class_exe151, class_exe156, class_exe160, class_exe165, class_exe166, class_exe167, class_exe168, class_exe169, class_exe177, class_exe180, class_exe183, class_exe9, class_exe39, class_exe50, class_exe147, class_exe184, class_exe11, class_exe40, class_exe0, class_exe55, class_exe56, class_exe58, class_exe61, class_exe106, class_exe38, class_exe66, class_exe14, class_exe21, class_exe68, class_exe120, class_exe22, class_exe124, class_exe126, class_exe138, class_exe148, class_exe53, class_exe133, class_exe37, class_exe54, class_exe52, class_exe74, class_exe16, class_exe130, class_exe140, class_exe154, class_exe157, class_exe161, class_exe163, class_exe60, class_exe162

Cluster (2,1)
Prototypes: [class_exe75]
Number of elements: 34
Elements: class_exe28, class_exe57, class_exe109, class_exe112, class_exe115, class_exe150, class_exe152, class_exe171, class_exe172, class_exe179, class_exe182, class_exe12, class_exe15, class_exe17, class_exe20, class_exe26, class_exe29, class_exe70, class_exe73, class_exe75, class_exe97, class_exe107, class_exe118, class_exe122, class_exe125, class_exe132, class_exe135, class_exe136, class_exe143, class_exe164, class_exe44, class_exe129, class_exe119, class_exe128

Cluster (2,2)
Prototypes: [class_exe41]
Number of elements: 1
Elements: class_exe43

Cluster (2,3)
Prototypes: [class_exe73]
Number of elements: 0
Elements

Cluster (2,4)
Prototypes: [class_exe208]
Number of elements: 11
Elements: class_exe197, class_exe191, class_exe200, class_exe206, class_exe203, class_exe208, class_exe185, class_exe194, class_exe193, class_exe199, class_exe207


Critério de adequação (energia): 0.423755998805
=====================================
	Confusion Matrix
Classes			 Clusters
---------------------------------------
	0,0	0,1	0,2	0,3	0,4	1,0	1,1	1,4	2,0	2,1	2,2	2,4	Total

1	27	 4	 1	 1	 0	 11	 43	 0	 35	 27	 1	 0	 150
3	3	 0	 0	 3	 6	 2	 1	 4	 0	 0	 0	 11	 30
2	2	 0	 0	 0	 0	 2	 7	 0	 17	 7	 0	 0	 35
Total	[32  4  1  4  6 15 51  4 52 34  1 11]

Matriz de pesos:
Cluster (0,0): 0.00248553303995 0.00241838636998 0.00269182000672 0.978950517186 0.0134537433976
Cluster (0,1): 0.00299160552699 0.00753739524265 0.0086268416339 0.939277482037 0.0415666755598
Cluster (0,2): 0.0471483346868 0.31643390228 0.504852257952 0.120837966777 0.0107275383037
Cluster (0,3): 0.00404662493653 0.79331092947 0.189820696738 0.010671326494 0.00215042236121
Cluster (0,4): 0.0215947550864 0.798691100464 0.165913577677 0.0110707060834 0.00272986068891
Cluster (1,0): 0.00154032528466 0.00152809120509 0.00237446763308 0.958422258133 0.0361348577437
Cluster (1,1): 0.000221293991902 0.000391215246244 0.000363303855218 0.995857667228 0.00316651967856
Cluster (1,2): 0.00182987220878 0.00105459773607 0.000381325420413 0.971260067957 0.0254741366778
Cluster (1,3): 0.144528575896 0.0384218725104 0.724885262323 0.0839841062313 0.00818018303897
Cluster (1,4): 0.0926638679821 0.785977075892 0.103626563513 0.0152325347005 0.00249995791244
Cluster (2,0): 0.000883399055456 0.000493564697011 0.000316244596086 0.974601050726 0.0237057409252
Cluster (2,1): 0.000212059161206 0.000178321883531 0.000164220139132 0.995344862249 0.00410053656712
Cluster (2,2): 0.00109133531515 0.000905174514095 0.00683412064636 0.921885506483 0.0692838630419
Cluster (2,3): 0.674320524387 0.0752962103793 0.134002156912 0.0113329804387 0.105048127883
Cluster (2,4): 0.0167569422192 0.514319034448 0.457971478993 0.00185994665127 0.00909259768796

Corrected Rand index: 0.314399597683
F-measure(P,Q): 0.436999192431
OERC: 0.195348837209

#####################################
Repetição do experimento: 1

----------Partition----------
Cluster (0,0)
Prototypes: [class_exe39]
Number of elements: 77
Elements: class_exe169, class_exe150, class_exe164, class_exe166, class_exe167, class_exe171, class_exe183, class_exe184, class_exe28, class_exe39, class_exe50, class_exe58, class_exe61, class_exe107, class_exe152, class_exe154, class_exe156, class_exe157, class_exe160, class_exe161, class_exe165, class_exe172, class_exe180, class_exe151, class_exe177, class_exe179, class_exe182, class_exe9, class_exe21, class_exe26, class_exe0, class_exe37, class_exe106, class_exe112, class_exe29, class_exe68, class_exe71, class_exe11, class_exe40, class_exe57, class_exe72, class_exe74, class_exe109, class_exe133, class_exe143, class_exe147, class_exe12, class_exe115, class_exe120, class_exe140, class_exe15, class_exe16, class_exe20, class_exe54, class_exe66, class_exe75, class_exe97, class_exe125, class_exe126, class_exe130, class_exe132, class_exe138, class_exe52, class_exe124, class_exe14, class_exe56, class_exe70, class_exe53, class_exe73, class_exe122, class_exe135, class_exe17, class_exe118, class_exe44, class_exe136, class_exe128, class_exe129

Cluster (0,1)
Prototypes: [class_exe95]
Number of elements: 20
Elements: class_exe8, class_exe41, class_exe4, class_exe10, class_exe35, class_exe43, class_exe45, class_exe77, class_exe87, class_exe95, class_exe159, class_exe170, class_exe173, class_exe187, class_exe98, class_exe113, class_exe158, class_exe7, class_exe63, class_exe64

Cluster (0,2)
Prototypes: [class_exe163]
Number of elements: 7
Elements: class_exe55, class_exe148, class_exe162, class_exe22, class_exe163, class_exe38, class_exe168

Cluster (0,3)
Prototypes: [class_exe103]
Number of elements: 1
Elements: class_exe103

Cluster (0,4)
Prototypes: [class_exe199]
Number of elements: 6
Elements: class_exe199, class_exe200, class_exe208, class_exe203, class_exe211, class_exe197

Cluster (1,0)
Prototypes: [class_exe78]
Number of elements: 45
Elements: class_exe5, class_exe67, class_exe76, class_exe108, class_exe141, class_exe142, class_exe144, class_exe18, class_exe19, class_exe24, class_exe31, class_exe34, class_exe42, class_exe47, class_exe48, class_exe51, class_exe65, class_exe69, class_exe78, class_exe92, class_exe110, class_exe111, class_exe114, class_exe116, class_exe119, class_exe123, class_exe134, class_exe145, class_exe153, class_exe155, class_exe174, class_exe176, class_exe178, class_exe181, class_exe188, class_exe212, class_exe214, class_exe117, class_exe131, class_exe2, class_exe3, class_exe30, class_exe33, class_exe149, class_exe175

Cluster (1,1)
Prototypes: [class_exe59]
Number of elements: 13
Elements: class_exe49, class_exe59, class_exe104, class_exe210, class_exe6, class_exe62, class_exe90, class_exe93, class_exe105, class_exe139, class_exe27, class_exe94, class_exe146

Cluster (1,2)
Prototypes: [class_exe13]
Number of elements: 2
Elements: class_exe13, class_exe190

Cluster (1,3)
Prototypes: [class_exe130]
Number of elements: 0
Elements

Cluster (1,4)
Prototypes: [class_exe159]
Number of elements: 0
Elements

Cluster (2,0)
Prototypes: [class_exe23]
Number of elements: 26
Elements: class_exe89, class_exe100, class_exe85, class_exe23, class_exe91, class_exe127, class_exe81, class_exe46, class_exe82, class_exe86, class_exe102, class_exe36, class_exe84, class_exe99, class_exe101, class_exe121, class_exe80, class_exe32, class_exe83, class_exe96, class_exe25, class_exe88, class_exe137, class_exe1, class_exe79, class_exe213

Cluster (2,1)
Prototypes: [class_exe60]
Number of elements: 1
Elements: class_exe60

Cluster (2,2)
Prototypes: [class_exe205]
Number of elements: 6
Elements: class_exe196, class_exe205, class_exe209, class_exe195, class_exe201, class_exe189

Cluster (2,3)
Prototypes: [class_exe193]
Number of elements: 7
Elements: class_exe185, class_exe202, class_exe191, class_exe193, class_exe206, class_exe194, class_exe207

Cluster (2,4)
Prototypes: [class_exe204]
Number of elements: 4
Elements: class_exe186, class_exe192, class_exe198, class_exe204


Critério de adequação (energia): 0.575234213519
=====================================
	Confusion Matrix
Classes			 Clusters
---------------------------------------
	0,0	0,1	0,2	0,3	0,4	1,0	1,1	1,2	2,0	2,1	2,2	2,3	2,4	Total

1	56	 15	 4	 1	 0	 35	 12	 1	 25	 1	 0	 0	 0	 150
3	0	 1	 0	 0	 6	 3	 1	 1	 1	 0	 6	 7	 4	 30
2	21	 4	 3	 0	 0	 7	 0	 0	 0	 0	 0	 0	 0	 35
Total	[77 20  7  1  6 45 13  2 26  1  6  7  4]

Matriz de pesos:
Cluster (0,0): 0.000662062980163 0.000887877735172 0.0005760302562 0.976489154348 0.0213848746802
Cluster (0,1): 0.000473183618397 0.000583330206423 0.000505511631733 0.986376618511 0.0120613560329
Cluster (0,2): 0.00284956700743 0.000592221405127 0.00745908193073 0.765833697718 0.223265431939
Cluster (0,3): 0.0376234448521 0.105147122271 0.413801004285 0.0369866818969 0.406441746695
Cluster (0,4): 0.184645621351 0.364497962656 0.324329327686 0.0134058690869 0.11312121922
Cluster (1,0): 0.000172833701103 0.000182629927191 0.000185121297005 0.996073246656 0.00338616841877
Cluster (1,1): 0.000752341155477 0.0020165944898 0.00240169299338 0.994173416743 0.000655954618082
Cluster (1,2): 0.102823085903 0.138542130835 0.562858975545 0.179652605074 0.0161232026431
Cluster (1,3): 0.132133123282 0.131256422709 0.70307242322 0.00593743980919 0.0276005909801
Cluster (1,4): 0.0936165647141 0.24466422372 0.484896062989 0.116931006638 0.0598921419385
Cluster (2,0): 0.00197350677384 0.00335021569088 0.00978854375016 0.975393141775 0.00949459200963
Cluster (2,1): 0.0712760155331 0.219989730846 0.447900367934 0.22747570041 0.0333581852768
Cluster (2,2): 0.0122898672325 0.0446325932548 0.923776305169 0.0181623968216 0.00113883752201
Cluster (2,3): 0.100993819443 0.236341898219 0.649378161717 0.00264595594508 0.0106401646769
Cluster (2,4): 0.842554260244 0.055709495935 0.0964117696745 0.00434790749439 0.000976566651687

Corrected Rand index: 0.34681116794
F-measure(P,Q): 0.458070520577
OERC: 0.195348837209

#####################################
Repetição do experimento: 2

----------Partition----------
Cluster (0,0)
Prototypes: [class_exe94]
Number of elements: 52
Elements: class_exe23, class_exe84, class_exe91, class_exe113, class_exe139, class_exe146, class_exe46, class_exe127, class_exe59, class_exe81, class_exe102, class_exe90, class_exe82, class_exe86, class_exe6, class_exe25, class_exe36, class_exe99, class_exe101, class_exe137, class_exe62, class_exe79, class_exe80, class_exe83, class_exe88, class_exe93, class_exe96, class_exe98, class_exe1, class_exe10, class_exe63, class_exe104, class_exe105, class_exe187, class_exe27, class_exe35, class_exe43, class_exe77, class_exe87, class_exe94, class_exe4, class_exe7, class_exe8, class_exe41, class_exe45, class_exe95, class_exe159, class_exe173, class_exe158, class_exe170, class_exe210, class_exe131

Cluster (0,1)
Prototypes: [class_exe103]
Number of elements: 4
Elements: class_exe85, class_exe103, class_exe121, class_exe89

Cluster (0,2)
Prototypes: [class_exe13]
Number of elements: 8
Elements: class_exe13, class_exe22, class_exe190, class_exe32, class_exe47, class_exe34, class_exe49, class_exe64

Cluster (0,3)
Prototypes: [class_exe198]
Number of elements: 4
Elements: class_exe186, class_exe198, class_exe204, class_exe192

Cluster (0,4)
Prototypes: [class_exe205]
Number of elements: 6
Elements: class_exe189, class_exe201, class_exe205, class_exe195, class_exe209, class_exe185

Cluster (1,0)
Prototypes: [class_exe18]
Number of elements: 25
Elements: class_exe24, class_exe2, class_exe3, class_exe5, class_exe18, class_exe31, class_exe33, class_exe48, class_exe65, class_exe67, class_exe69, class_exe76, class_exe78, class_exe92, class_exe108, class_exe111, class_exe114, class_exe117, class_exe119, class_exe123, class_exe141, class_exe145, class_exe174, class_exe175, class_exe181

Cluster (1,1)
Prototypes: [class_exe195]
Number of elements: 0
Elements

Cluster (1,2)
Prototypes: [class_exe162]
Number of elements: 1
Elements: class_exe162

Cluster (1,3)
Prototypes: [class_exe203]
Number of elements: 1
Elements: class_exe197

Cluster (1,4)
Prototypes: [class_exe200]
Number of elements: 5
Elements: class_exe200, class_exe203, class_exe208, class_exe191, class_exe206

Cluster (2,0)
Prototypes: [class_exe39]
Number of elements: 89
Elements: class_exe0, class_exe9, class_exe11, class_exe26, class_exe28, class_exe39, class_exe42, class_exe50, class_exe55, class_exe58, class_exe66, class_exe71, class_exe107, class_exe143, class_exe147, class_exe150, class_exe151, class_exe152, class_exe156, class_exe157, class_exe160, class_exe163, class_exe165, class_exe168, class_exe171, class_exe177, class_exe178, class_exe179, class_exe182, class_exe184, class_exe40, class_exe57, class_exe72, class_exe153, class_exe154, class_exe155, class_exe161, class_exe164, class_exe166, class_exe167, class_exe169, class_exe172, class_exe176, class_exe180, class_exe183, class_exe68, class_exe56, class_exe133, class_exe12, class_exe70, class_exe73, class_exe21, class_exe29, class_exe106, class_exe38, class_exe128, class_exe109, class_exe37, class_exe54, class_exe14, class_exe44, class_exe15, class_exe20, class_exe53, class_exe61, class_exe74, class_exe75, class_exe112, class_exe115, class_exe120, class_exe125, class_exe126, class_exe135, class_exe16, class_exe97, class_exe122, class_exe132, class_exe188, class_exe52, class_exe124, class_exe129, class_exe130, class_exe138, class_exe140, class_exe148, class_exe118, class_exe136, class_exe17, class_exe60

Cluster (2,1)
Prototypes: [class_exe47]
Number of elements: 11
Elements: class_exe30, class_exe19, class_exe51, class_exe116, class_exe134, class_exe142, class_exe149, class_exe110, class_exe144, class_exe212, class_exe214

Cluster (2,2)
Prototypes: [class_exe213]
Number of elements: 2
Elements: class_exe213, class_exe100

Cluster (2,3)
Prototypes: [class_exe196]
Number of elements: 1
Elements: class_exe196

Cluster (2,4)
Prototypes: [class_exe207]
Number of elements: 6
Elements: class_exe202, class_exe193, class_exe194, class_exe207, class_exe199, class_exe211


Critério de adequação (energia): 0.408249078056
=====================================
	Confusion Matrix
Classes			 Clusters
---------------------------------------
	0,0	0,1	0,2	0,3	0,4	1,0	1,2	1,3	1,4	2,0	2,1	2,2	2,3	2,4	Total

1	46	 4	 7	 0	 0	 22	 0	 0	 0	 61	 9	 1	 0	 0	 150
3	2	 0	 1	 4	 6	 0	 0	 1	 5	 1	 2	 1	 1	 6	 30
2	4	 0	 0	 0	 0	 3	 1	 0	 0	 27	 0	 0	 0	 0	 35
Total	[52  4  8  4  6 25  1  1  5 89 11  2  1  6]

Matriz de pesos:
Cluster (0,0): 0.00260987331845 0.00162080171767 0.00290523333383 0.984521301696 0.00834278993412
Cluster (0,1): 0.0285025162524 0.00600920382893 0.10518532719 0.83368380332 0.0266191494079
Cluster (0,2): 0.00113874000482 0.00979283683138 0.982602535418 0.00452023950541 0.00194564824075
Cluster (0,3): 0.413525289774 0.108563998316 0.392233526409 0.0837924576219 0.0018847278788
Cluster (0,4): 0.0222266156683 0.103579798555 0.867685495079 0.00522432164203 0.00128376905524
Cluster (1,0): 0.00286413207188 0.00552879271986 0.0040429521117 0.944699881552 0.0428642415444
Cluster (1,1): 0.0672141915794 0.135256373209 0.769153575086 0.0261480496028 0.00222781052334
Cluster (1,2): 0.0327076279289 0.105729690294 0.34444347511 0.360352152645 0.156767054022
Cluster (1,3): 0.154931174367 0.483899725611 0.325422393384 0.0142017213022 0.0215449853359
Cluster (1,4): 0.0425644764448 0.395045278008 0.552298807332 0.00353749653641 0.00655394167876
Cluster (2,0): 0.00120598708337 0.0015674949678 0.00115828600467 0.960640588243 0.0354276437015
Cluster (2,1): 0.000376983079638 0.00113044236141 0.00116884687498 0.951768025447 0.0455557022365
Cluster (2,2): 0.00369935136476 0.00736470704412 0.853211815766 0.132861599092 0.00286252673314
Cluster (2,3): 0.0711670262065 0.129619310873 0.703465045132 0.00443640653867 0.0913122112504
Cluster (2,4): 0.000934983555588 0.0114489481151 0.986495824068 5.68606049251e-05 0.00106338365652

Corrected Rand index: 0.398926351716
F-measure(P,Q): 0.473539409957
OERC: 0.190697674419

#####################################
Repetição do experimento: 3

----------Partition----------
Cluster (0,0)
Prototypes: [class_exe209]
Number of elements: 8
Elements: class_exe186, class_exe192, class_exe195, class_exe198, class_exe209, class_exe196, class_exe189, class_exe204

Cluster (0,1)
Prototypes: [class_exe211]
Number of elements: 4
Elements: class_exe211, class_exe190, class_exe205, class_exe202

Cluster (0,2)
Prototypes: [class_exe13]
Number of elements: 1
Elements: class_exe13

Cluster (0,3)
Prototypes: [class_exe29]
Number of elements: 32
Elements: class_exe28, class_exe29, class_exe112, class_exe15, class_exe17, class_exe20, class_exe26, class_exe70, class_exe73, class_exe97, class_exe107, class_exe118, class_exe122, class_exe135, class_exe143, class_exe0, class_exe9, class_exe11, class_exe12, class_exe14, class_exe39, class_exe44, class_exe54, class_exe58, class_exe124, class_exe128, class_exe129, class_exe133, class_exe138, class_exe140, class_exe147, class_exe151

Cluster (0,4)
Prototypes: [class_exe120]
Number of elements: 39
Elements: class_exe16, class_exe21, class_exe22, class_exe37, class_exe38, class_exe40, class_exe50, class_exe52, class_exe53, class_exe55, class_exe60, class_exe61, class_exe66, class_exe68, class_exe71, class_exe72, class_exe74, class_exe106, class_exe120, class_exe126, class_exe148, class_exe157, class_exe162, class_exe163, class_exe165, class_exe168, class_exe177, class_exe184, class_exe130, class_exe56, class_exe160, class_exe154, class_exe161, class_exe180, class_exe183, class_exe156, class_exe167, class_exe169, class_exe166

Cluster (1,0)
Prototypes: [class_exe179]
Number of elements: 0
Elements

Cluster (1,1)
Prototypes: [class_exe145]
Number of elements: 0
Elements

Cluster (1,2)
Prototypes: [class_exe171]
Number of elements: 0
Elements

Cluster (1,3)
Prototypes: [class_exe182]
Number of elements: 18
Elements: class_exe171, class_exe92, class_exe150, class_exe179, class_exe181, class_exe182, class_exe57, class_exe67, class_exe75, class_exe109, class_exe115, class_exe125, class_exe132, class_exe136, class_exe152, class_exe164, class_exe172, class_exe176

Cluster (1,4)
Prototypes: [class_exe78]
Number of elements: 42
Elements: class_exe2, class_exe3, class_exe18, class_exe19, class_exe24, class_exe30, class_exe33, class_exe47, class_exe51, class_exe76, class_exe78, class_exe110, class_exe111, class_exe114, class_exe116, class_exe117, class_exe131, class_exe141, class_exe149, class_exe174, class_exe175, class_exe5, class_exe31, class_exe34, class_exe42, class_exe65, class_exe69, class_exe108, class_exe123, class_exe134, class_exe142, class_exe144, class_exe145, class_exe153, class_exe155, class_exe178, class_exe188, class_exe212, class_exe214, class_exe119, class_exe49, class_exe48

Cluster (2,0)
Prototypes: [class_exe193]
Number of elements: 4
Elements: class_exe194, class_exe206, class_exe207, class_exe193

Cluster (2,1)
Prototypes: [class_exe208]
Number of elements: 8
Elements: class_exe199, class_exe201, class_exe191, class_exe200, class_exe208, class_exe185, class_exe197, class_exe203

Cluster (2,2)
Prototypes: [class_exe55]
Number of elements: 0
Elements

Cluster (2,3)
Prototypes: [class_exe62]
Number of elements: 31
Elements: class_exe95, class_exe6, class_exe10, class_exe27, class_exe43, class_exe59, class_exe62, class_exe87, class_exe90, class_exe94, class_exe104, class_exe105, class_exe139, class_exe159, class_exe4, class_exe8, class_exe35, class_exe41, class_exe45, class_exe63, class_exe77, class_exe93, class_exe113, class_exe146, class_exe7, class_exe98, class_exe170, class_exe173, class_exe187, class_exe64, class_exe210

Cluster (2,4)
Prototypes: [class_exe23]
Number of elements: 28
Elements: class_exe85, class_exe86, class_exe89, class_exe91, class_exe100, class_exe23, class_exe36, class_exe82, class_exe96, class_exe99, class_exe101, class_exe103, class_exe121, class_exe80, class_exe83, class_exe88, class_exe102, class_exe127, class_exe25, class_exe46, class_exe81, class_exe84, class_exe1, class_exe32, class_exe79, class_exe137, class_exe213, class_exe158


Critério de adequação (energia): 0.55743033041
=====================================
	Confusion Matrix
Classes			 Clusters
---------------------------------------
	0,0	0,1	0,2	0,3	0,4	1,3	1,4	2,0	2,1	2,3	2,4	Total

1	0	 0	 1	 31	 23	 9	 34	 0	 0	 26	 26	 150
3	8	 4	 0	 0	 0	 0	 3	 4	 8	 2	 1	 30
2	0	 0	 0	 1	 16	 9	 5	 0	 0	 3	 1	 35
Total	[ 8  4  1 32 39 18 42  4  8 31 28]

Matriz de pesos:
Cluster (0,0): 0.51667163665 0.315943820374 0.15092491763 0.013076678063 0.00338294728323
Cluster (0,1): 0.0184510218959 0.779879165408 0.10338032494 0.0885463686319 0.00974311912432
Cluster (0,2): 0.0910711498183 0.137326207274 0.460552739694 0.244816015363 0.0662338878512
Cluster (0,3): 0.000642697854763 0.000636455548877 0.00230492131947 0.988662216284 0.00775370899261
Cluster (0,4): 0.00101615002677 0.000600260779138 0.000380244137242 0.978549964082 0.0194533809746
Cluster (1,0): 0.497925082443 0.191592966632 0.240422867855 0.0385494406295 0.0315096424407
Cluster (1,1): 0.379383845781 0.0682842372067 0.399556574358 0.0402368824949 0.112538460159
Cluster (1,2): 0.00472248746547 0.00603006838046 0.0815705488855 0.393446239288 0.51423065598
Cluster (1,3): 0.000144168526693 0.000304985449693 0.000692387008061 0.979614969645 0.0192434893701
Cluster (1,4): 0.000234700911308 0.000244886796832 0.00022564781588 0.996409667207 0.00288509726885
Cluster (2,0): 0.0754865351028 0.445383329347 0.426892258936 0.000659391183334 0.0515784854302
Cluster (2,1): 0.0724288773856 0.615002675095 0.226404380209 0.00747546621558 0.0786886010946
Cluster (2,2): 0.117743240307 0.0766720030588 0.183979385171 0.0538089756613 0.567796395802
Cluster (2,3): 0.000362627025767 0.000434044524645 0.000573763880983 0.995455390692 0.00317417387675
Cluster (2,4): 0.00197037691271 0.00235878785287 0.00259564358038 0.982901083252 0.0101741084023

Corrected Rand index: 0.287108735474
F-measure(P,Q): 0.376240530616
OERC: 0.190697674419

#####################################
Repetição do experimento: 4

----------Partition----------
Cluster (0,0)
Prototypes: [class_exe6]
Number of elements: 49
Elements: class_exe173, class_exe174, class_exe175, class_exe158, class_exe33, class_exe170, class_exe159, class_exe2, class_exe87, class_exe131, class_exe43, class_exe83, class_exe77, class_exe95, class_exe94, class_exe149, class_exe187, class_exe10, class_exe35, class_exe139, class_exe25, class_exe30, class_exe46, class_exe113, class_exe146, class_exe27, class_exe98, class_exe4, class_exe8, class_exe79, class_exe93, class_exe3, class_exe6, class_exe7, class_exe84, class_exe105, class_exe5, class_exe41, class_exe63, class_exe88, class_exe104, class_exe210, class_exe59, class_exe64, class_exe117, class_exe49, class_exe62, class_exe90, class_exe214

Cluster (0,1)
Prototypes: [class_exe121]
Number of elements: 12
Elements: class_exe103, class_exe85, class_exe89, class_exe100, class_exe121, class_exe32, class_exe81, class_exe86, class_exe127, class_exe213, class_exe1, class_exe96

Cluster (0,2)
Prototypes: [class_exe165]
Number of elements: 0
Elements

Cluster (0,3)
Prototypes: [class_exe101]
Number of elements: 0
Elements

Cluster (0,4)
Prototypes: [class_exe74]
Number of elements: 18
Elements: class_exe13, class_exe29, class_exe45, class_exe58, class_exe74, class_exe101, class_exe108, class_exe111, class_exe135, class_exe82, class_exe148, class_exe23, class_exe190, class_exe204, class_exe192, class_exe198, class_exe137, class_exe181

Cluster (1,0)
Prototypes: [class_exe87]
Number of elements: 5
Elements: class_exe36, class_exe80, class_exe91, class_exe99, class_exe102

Cluster (1,1)
Prototypes: [class_exe211]
Number of elements: 1
Elements: class_exe211

Cluster (1,2)
Prototypes: [class_exe196]
Number of elements: 2
Elements: class_exe196, class_exe202

Cluster (1,3)
Prototypes: [class_exe147]
Number of elements: 0
Elements

Cluster (1,4)
Prototypes: [class_exe92]
Number of elements: 0
Elements

Cluster (2,0)
Prototypes: [class_exe107]
Number of elements: 100
Elements: class_exe188, class_exe128, class_exe145, class_exe130, class_exe138, class_exe212, class_exe14, class_exe44, class_exe73, class_exe65, class_exe129, class_exe69, class_exe12, class_exe40, class_exe124, class_exe42, class_exe72, class_exe120, class_exe126, class_exe136, class_exe147, class_exe0, class_exe11, class_exe61, class_exe70, class_exe119, class_exe17, class_exe21, class_exe56, class_exe71, class_exe26, class_exe50, class_exe75, class_exe97, class_exe9, class_exe20, class_exe39, class_exe106, class_exe115, class_exe140, class_exe143, class_exe184, class_exe15, class_exe57, class_exe107, class_exe109, class_exe125, class_exe165, class_exe16, class_exe67, class_exe118, class_exe134, class_exe142, class_exe156, class_exe157, class_exe160, class_exe179, class_exe182, class_exe37, class_exe122, class_exe150, class_exe161, class_exe180, class_exe48, class_exe76, class_exe132, class_exe144, class_exe151, class_exe154, class_exe167, class_exe169, class_exe171, class_exe172, class_exe183, class_exe18, class_exe28, class_exe31, class_exe133, class_exe164, class_exe166, class_exe176, class_exe19, class_exe51, class_exe54, class_exe78, class_exe92, class_exe110, class_exe114, class_exe116, class_exe141, class_exe24, class_exe34, class_exe47, class_exe68, class_exe112, class_exe123, class_exe152, class_exe153, class_exe155, class_exe178

Cluster (2,1)
Prototypes: [class_exe52]
Number of elements: 11
Elements: class_exe53, class_exe55, class_exe38, class_exe52, class_exe66, class_exe163, class_exe22, class_exe60, class_exe162, class_exe168, class_exe177

Cluster (2,2)
Prototypes: [class_exe186]
Number of elements: 1
Elements: class_exe186

Cluster (2,3)
Prototypes: [class_exe140]
Number of elements: 4
Elements: class_exe195, class_exe209, class_exe189, class_exe205

Cluster (2,4)
Prototypes: [class_exe208]
Number of elements: 12
Elements: class_exe191, class_exe197, class_exe199, class_exe200, class_exe185, class_exe208, class_exe193, class_exe206, class_exe201, class_exe203, class_exe207, class_exe194


Critério de adequação (energia): 0.53537680748
=====================================
	Confusion Matrix
Classes			 Clusters
---------------------------------------
	0,0	0,1	0,4	1,0	1,1	1,2	2,0	2,1	2,2	2,3	2,4	Total

1	40	 11	 13	 5	 0	 0	 74	 7	 0	 0	 0	 150
3	3	 1	 4	 0	 1	 2	 2	 0	 1	 4	 12	 30
2	6	 0	 1	 0	 0	 0	 24	 4	 0	 0	 0	 35
Total	[ 49  12  18   5   1   2 100  11   1   4  12]

Matriz de pesos:
Cluster (0,0): 0.00162966483843 0.00139865340037 0.00159940583923 0.988463126365 0.00690914955653
Cluster (0,1): 0.0024223033073 0.00523628210096 0.018816427624 0.969977187323 0.00354779964431
Cluster (0,2): 0.097421653284 0.0652139882313 0.0303897719757 0.703964693487 0.103009893022
Cluster (0,3): 0.00531869058711 0.00320188796541 0.983505028497 0.00733339644397 0.000640996506377
Cluster (0,4): 0.00556780208728 0.00939645111295 0.978836342474 0.00560284657802 0.000596557747712
Cluster (1,0): 0.00430453237172 0.00971914301498 0.00748732427709 0.854937461745 0.123551538591
Cluster (1,1): 0.0176493638888 0.0572624069902 0.170411405134 0.457374714587 0.297302109399
Cluster (1,2): 0.0401949736485 0.530805237153 0.263817992658 0.151422008545 0.0137597879959
Cluster (1,3): 0.49890839531 0.107452153588 0.306941518384 0.0675396985058 0.0191582342129
Cluster (1,4): 0.210552899213 0.166469899074 0.53789209081 0.031440542042 0.0536445688604
Cluster (2,0): 0.00124453872061 0.00109998714028 0.000743169029382 0.966095767106 0.0308165380041
Cluster (2,1): 0.00653428462568 0.00334649013398 0.0188032238724 0.889696159808 0.0816198415598
Cluster (2,2): 0.434177154331 0.155184823503 0.345790769276 0.0569635044801 0.00788374840998
Cluster (2,3): 0.00864248910195 0.146999269841 0.840845614256 0.00281997217532 0.000692654625309
Cluster (2,4): 0.0216527720102 0.64609256887 0.317535613014 0.00240171409462 0.0123173320114

Corrected Rand index: 0.430757702831
F-measure(P,Q): 0.550638612034
OERC: 0.209302325581

#####################################
Repetição do experimento: 5

----------Partition----------
Cluster (0,0)
Prototypes: [class_exe198]
Number of elements: 5
Elements: class_exe190, class_exe186, class_exe198, class_exe204, class_exe192

Cluster (0,1)
Prototypes: [class_exe38]
Number of elements: 0
Elements

Cluster (0,2)
Prototypes: [class_exe22]
Number of elements: 7
Elements: class_exe22, class_exe55, class_exe163, class_exe38, class_exe52, class_exe60, class_exe53

Cluster (0,3)
Prototypes: [class_exe160]
Number of elements: 15
Elements: class_exe160, class_exe161, class_exe168, class_exe21, class_exe50, class_exe120, class_exe148, class_exe156, class_exe157, class_exe162, class_exe165, class_exe167, class_exe169, class_exe177, class_exe184

Cluster (0,4)
Prototypes: [class_exe39]
Number of elements: 54
Elements: class_exe154, class_exe164, class_exe166, class_exe171, class_exe172, class_exe180, class_exe183, class_exe0, class_exe9, class_exe11, class_exe20, class_exe26, class_exe28, class_exe29, class_exe37, class_exe39, class_exe54, class_exe56, class_exe58, class_exe61, class_exe68, class_exe70, class_exe71, class_exe106, class_exe107, class_exe112, class_exe124, class_exe125, class_exe126, class_exe129, class_exe133, class_exe138, class_exe140, class_exe147, class_exe150, class_exe151, class_exe152, class_exe179, class_exe182, class_exe97, class_exe130, class_exe72, class_exe16, class_exe143, class_exe12, class_exe74, class_exe40, class_exe66, class_exe14, class_exe17, class_exe73, class_exe128, class_exe44, class_exe122

Cluster (1,0)
Prototypes: [class_exe8]
Number of elements: 0
Elements

Cluster (1,1)
Prototypes: [class_exe44]
Number of elements: 0
Elements

Cluster (1,2)
Prototypes: [class_exe158]
Number of elements: 0
Elements

Cluster (1,3)
Prototypes: [class_exe100]
Number of elements: 7
Elements: class_exe85, class_exe86, class_exe89, class_exe100, class_exe103, class_exe23, class_exe121

Cluster (1,4)
Prototypes: [class_exe78]
Number of elements: 58
Elements: class_exe2, class_exe3, class_exe30, class_exe33, class_exe108, class_exe111, class_exe117, class_exe131, class_exe149, class_exe5, class_exe174, class_exe175, class_exe144, class_exe170, class_exe7, class_exe18, class_exe19, class_exe24, class_exe35, class_exe45, class_exe47, class_exe48, class_exe51, class_exe63, class_exe64, class_exe76, class_exe77, class_exe78, class_exe95, class_exe98, class_exe110, class_exe114, class_exe116, class_exe141, class_exe214, class_exe4, class_exe8, class_exe31, class_exe34, class_exe41, class_exe42, class_exe65, class_exe67, class_exe69, class_exe92, class_exe119, class_exe123, class_exe134, class_exe142, class_exe145, class_exe153, class_exe178, class_exe181, class_exe188, class_exe212, class_exe155, class_exe176, class_exe49

Cluster (2,0)
Prototypes: [class_exe185]
Number of elements: 11
Elements: class_exe185, class_exe189, class_exe194, class_exe195, class_exe199, class_exe202, class_exe205, class_exe209, class_exe201, class_exe211, class_exe196

Cluster (2,1)
Prototypes: [class_exe200]
Number of elements: 8
Elements: class_exe197, class_exe191, class_exe200, class_exe203, class_exe208, class_exe206, class_exe193, class_exe207

Cluster (2,2)
Prototypes: [class_exe13]
Number of elements: 1
Elements: class_exe13

Cluster (2,3)
Prototypes: [class_exe115]
Number of elements: 9
Elements: class_exe75, class_exe109, class_exe115, class_exe15, class_exe57, class_exe118, class_exe132, class_exe135, class_exe136

Cluster (2,4)
Prototypes: [class_exe84]
Number of elements: 40
Elements: class_exe139, class_exe36, class_exe82, class_exe84, class_exe32, class_exe46, class_exe88, class_exe99, class_exe102, class_exe127, class_exe6, class_exe96, class_exe101, class_exe105, class_exe10, class_exe25, class_exe27, class_exe62, class_exe81, class_exe83, class_exe104, class_exe59, class_exe90, class_exe94, class_exe187, class_exe1, class_exe87, class_exe43, class_exe113, class_exe137, class_exe146, class_exe79, class_exe159, class_exe93, class_exe213, class_exe173, class_exe210, class_exe158, class_exe91, class_exe80


Critério de adequação (energia): 0.537765324061
=====================================
	Confusion Matrix
Classes			 Clusters
---------------------------------------
	0,0	0,2	0,3	0,4	1,3	1,4	2,0	2,1	2,2	2,3	2,4	Total

1	0	 6	 4	 42	 7	 47	 0	 0	 1	 9	 34	 150
3	5	 0	 0	 0	 0	 3	 11	 8	 0	 0	 3	 30
2	0	 1	 11	 12	 0	 8	 0	 0	 0	 0	 3	 35
Total	[ 5  7 15 54  7 58 11  8  1  9 40]

Matriz de pesos:
Cluster (0,0): 0.0256674439942 0.165802913255 0.683575239564 0.123487027394 0.00146737579343
Cluster (0,1): 0.0219500240127 0.0711190438154 0.845484852831 0.0543958774337 0.00705020190747
Cluster (0,2): 0.00084876246627 0.00132393433297 0.00933329624618 0.980633429418 0.00786057753661
Cluster (0,3): 0.00203584391095 0.000679495775856 0.00138276507278 0.8760928457 0.119809049541
Cluster (0,4): 0.000431875904628 0.00059589300306 0.000360822211934 0.985245651116 0.013365757764
Cluster (1,0): 0.147057948601 0.234730582981 0.557957590289 0.0349910958807 0.0252627822482
Cluster (1,1): 0.579957277451 0.118534968241 0.135103951247 0.0242573854231 0.142146417638
Cluster (1,2): 0.00333456193286 0.00452537052242 0.00239935318848 0.695415509802 0.294325204554
Cluster (1,3): 0.0139185030126 0.0050104779438 0.0111240692172 0.783686214048 0.186260735778
Cluster (1,4): 0.000377489240456 0.000407662343811 0.000440769148714 0.992691634007 0.00608244525958
Cluster (2,0): 0.042013247128 0.102705986199 0.847946898905 0.00317148201373 0.00416238575447
Cluster (2,1): 0.026757052432 0.437851542922 0.527288135755 0.00393655208098 0.00416671681079
Cluster (2,2): 0.202553241568 0.201775812586 0.362667866082 0.0554037104219 0.177599369342
Cluster (2,3): 0.0130126871573 0.0197422621641 0.0282010804333 0.857360802445 0.0816831678008
Cluster (2,4): 0.0015691325507 0.00166234484664 0.00175800827517 0.989757770879 0.00525274344841

Corrected Rand index: 0.346527986735
F-measure(P,Q): 0.461795453554
OERC: 0.158139534884

#####################################
Repetição do experimento: 6

----------Partition----------
Cluster (0,0)
Prototypes: [class_exe71]
Number of elements: 56
Elements: class_exe21, class_exe50, class_exe70, class_exe154, class_exe161, class_exe165, class_exe166, class_exe167, class_exe168, class_exe169, class_exe180, class_exe183, class_exe184, class_exe9, class_exe37, class_exe54, class_exe157, class_exe124, class_exe177, class_exe120, class_exe129, class_exe133, class_exe151, class_exe156, class_exe147, class_exe17, class_exe12, class_exe44, class_exe122, class_exe128, class_exe73, class_exe74, class_exe11, class_exe40, class_exe60, class_exe66, class_exe0, class_exe53, class_exe56, class_exe126, class_exe14, class_exe38, class_exe61, class_exe68, class_exe39, class_exe71, class_exe72, class_exe29, class_exe52, class_exe125, class_exe143, class_exe16, class_exe97, class_exe106, class_exe107, class_exe152

Cluster (0,1)
Prototypes: [class_exe90]
Number of elements: 34
Elements: class_exe46, class_exe25, class_exe84, class_exe113, class_exe6, class_exe27, class_exe59, class_exe79, class_exe90, class_exe93, class_exe94, class_exe104, class_exe105, class_exe146, class_exe4, class_exe7, class_exe8, class_exe43, class_exe63, class_exe64, class_exe87, class_exe98, class_exe159, class_exe173, class_exe210, class_exe5, class_exe49, class_exe158, class_exe10, class_exe62, class_exe139, class_exe187, class_exe41, class_exe170

Cluster (0,2)
Prototypes: [class_exe81]
Number of elements: 19
Elements: class_exe103, class_exe100, class_exe121, class_exe81, class_exe23, class_exe32, class_exe83, class_exe127, class_exe213, class_exe89, class_exe91, class_exe99, class_exe137, class_exe82, class_exe102, class_exe88, class_exe96, class_exe1, class_exe80

Cluster (0,3)
Prototypes: [class_exe196]
Number of elements: 2
Elements: class_exe196, class_exe202

Cluster (0,4)
Prototypes: [class_exe205]
Number of elements: 7
Elements: class_exe192, class_exe205, class_exe190, class_exe201, class_exe211, class_exe199, class_exe204

Cluster (1,0)
Prototypes: [class_exe31]
Number of elements: 44
Elements: class_exe18, class_exe24, class_exe31, class_exe48, class_exe51, class_exe67, class_exe75, class_exe76, class_exe78, class_exe92, class_exe114, class_exe141, class_exe142, class_exe153, class_exe155, class_exe178, class_exe15, class_exe19, class_exe34, class_exe42, class_exe47, class_exe57, class_exe65, class_exe69, class_exe118, class_exe123, class_exe132, class_exe134, class_exe136, class_exe144, class_exe145, class_exe150, class_exe164, class_exe171, class_exe172, class_exe176, class_exe179, class_exe181, class_exe182, class_exe188, class_exe212, class_exe119, class_exe135, class_exe214

Cluster (1,1)
Prototypes: [class_exe33]
Number of elements: 14
Elements: class_exe33, class_exe35, class_exe2, class_exe30, class_exe45, class_exe149, class_exe111, class_exe117, class_exe131, class_exe175, class_exe174, class_exe3, class_exe116, class_exe108

Cluster (1,2)
Prototypes: [class_exe141]
Number of elements: 0
Elements

Cluster (1,3)
Prototypes: [class_exe186]
Number of elements: 2
Elements: class_exe186, class_exe198

Cluster (1,4)
Prototypes: [class_exe209]
Number of elements: 3
Elements: class_exe189, class_exe195, class_exe209

Cluster (2,0)
Prototypes: [class_exe130]
Number of elements: 11
Elements: class_exe163, class_exe148, class_exe162, class_exe26, class_exe130, class_exe22, class_exe28, class_exe58, class_exe112, class_exe140, class_exe160

Cluster (2,1)
Prototypes: [class_exe36]
Number of elements: 12
Elements: class_exe13, class_exe36, class_exe85, class_exe86, class_exe101, class_exe110, class_exe109, class_exe115, class_exe20, class_exe77, class_exe95, class_exe138

Cluster (2,2)
